ID11267 53.69 39.91 45.7 6.42935776805 NaN 2.92450100071 -0.0227457920073 -0.0186229573767 234.582467361 -51.1475080023
ID17244p 104.92 -2.75 31.9 6.04238087774 NaN 2.6817432075 0.00401600019261 0.00507308509946 89.6169957509 97.6377458191
ID234 54.58 39.2 42.7 5.79428571429 NaN 2.76255228731 0.00416000019014 0.00337570015714 226.310726449 -33.684438385
ID11260 34.29 26.08 29 6.03074137931 NaN 2.72459953167 0.0109361919853 0.000518592006337 79.2923317258 27.7084191598
ID2306 21.93 63.12 41.6 6.52326322115 NaN 2.91102910247 0.019426111541 0.0131946857745 245.362030068 -44.7962896825
ID1627 -94.3 29.97 33 5.48755606061 NaN 2.78168502396 0.0126640002131 0.0106251232252 145.766043181 -8.19513271403
ID2073 -76.45 38.27 25.1 5.87806772908 NaN 2.78432243306 0.0295840017404 0.013688064225 150.37775274 -18.5383564665
ID10734 -16.37 22.54 28.2 6.44117021277 NaN 2.88076311852 0.00484812836304 0.0135768080466 141.128345853 44.3127197707
ID1657 130.64 -11.42 31.41 6.08146768545 NaN 2.83747647277 0.0393231374099 0.0156898527117 224.620847332 93.9708634316
ID12080 -76.45 38.27 25.9 5.93076640927 NaN 2.76767918022 0.0295840017404 0.013688064225 150.37775274 -18.5383564665
ID7961 117.91 39.8 31.1 6.07298392283 NaN 2.7847943628 0.0132480003089 0.0145587717444 67.6086500702 -4.63022488713
ID7960 118.11 39.57 33.8 6.21471301775 NaN 2.88074994436 0.0100207360656 0.0111251337516 68.8246156126 -5.58983739195
ID13012 -67.13 44.74 34.2 6.53513888889 NaN 2.90357966664 0.04147731339 0.00767443555144 133.148464106 -10.6432360153
ID12074 -77.41 34.52 17 6.25932352941 NaN 2.7974472347 0.00367731217 0.000109642559863 163.170130498 -28.6157471017
ID95 -59.85 43.94 35 5.60724571429 NaN 2.69892144408 0.00308000014071 -0.0127849846035 163.351896639 -27.2386590366
ID12072 -77.6 34.84 36 6.31091666667 NaN 2.82618325225 0.0275520000905 0.022034511745 160.521707507 -23.8715682068
ID2080 -96.96 28.56 29.94 5.13141449566 NaN 2.65333382852 0.0181903359599 0.0140577953392 155.908861214 -18.2897492341
ID1628 -94.22 29.67 33 5.46 NaN 2.76636471805 0.00200000009499 0.00105280644487 149.67497671 -7.29458499126
ID11481 37.22 21.16 19.6 6.22237244898 NaN 2.89725504376 0.00953344007593 -0.00444359313572 52.4405595883 18.4085607489
ID4998 88.2 22.7 36 5.66597222222 NaN 2.84792436846 0.00600000005215 0.00714196125045 142.235224303 -27.4309902191
ID5080 76.47 70.85 40.13 6.0644393222 NaN 2.87356443975 0.0169520009458 0.0245340560228 176.574748377 -45.2742244592
ID2738 56.63 40.98 42.4 6.17597877358 NaN 2.85738178279 -0.0261491205609 -0.00557594914521 177.261711677 -12.3439426319
ID4822 79.6 67.2 42.9 6.21833449883 NaN 2.97156050655 0.0120000001043 0.0111112594604 173.42162001 -45.7552490234
ID2671 56.07 41.13 31 6.34309677419 NaN 2.92300530042 -0.00503200003085 0.00342073022436 182.446645498 -10.0982623387
ID2739 56.07 41.13 43.8 6.38328767123 NaN 2.90092605665 -0.00503200003085 0.00342073022436 182.446645498 -10.0982623387
ID6898p 51.4 48.6 34 5.63340147059 NaN 2.70432131439 -0.00999999977648 -0.00974739901721 272.665166086 -64.7636260986
ID4809 47.5 46.75 42.8 6.15607476636 NaN 2.83243323649 -0.0170000009239 -0.0161412563175 269.808473587 -54.4223096371
ID3960 115.91 30.02 35.5 6.33456338028 NaN 2.85876832483 0.0235236493928 0.0212085452456 79.1110557504 -18.0869955142
ID2698 54.46 39.08 41 5.63998780488 NaN 2.69584337464 0.00906015998973 0.0061560365496 225.840430175 -35.8378934731
ID11311 34.58 25.62 19.4 6.06777061856 NaN 2.8082382821 0.0214231034713 0.00814613925304 72.7221897775 29.3119156829
ID11305 28.5 30.99 34 6.06963235294 NaN 2.80806522705 0.0265120007545 0.0249591779709 228.005857186 0.0424575124831
ID2672 56.63 40.98 29.9 6.20827759197 NaN 2.90548784885 -0.0261491205609 -0.00557594914521 177.261711677 -12.3439426319
ID2882 10.5 56.5 34 5.67610294118 NaN 2.73145322204 0.0410000011325 0.0151494340971 166.203201294 6.66800832748
ID7483 27.5 45.37 23.1 5.62445887446 NaN 2.74784537098 0.0177999994755 0.0182638695091 144.672637111 24.2470163469
ID3381 12.05 55.63 30 6.20623333333 NaN 2.88864299728 0.0391120005548 0.0237134962976 164.848162418 1.79501905515
ID2935 10.34 57.62 24.3 6.21405349794 NaN 2.84405883198 0.0163793926652 0.00346253966168 176.590837072 11.5955481431
ID2064 45.93 44.46 40 6.20175 NaN 2.9462630337 -0.00529971192053 -0.00504408505875 216.593886238 -15.4313759382
ID3352 -8.7 39.16 31 6.30612903226 NaN 2.86206488284 0.00585600007325 0.0241201442927 96.485067911 71.9102302856
ID6899p 51.75 49 34 5.76273235294 NaN 2.73050332983 -0.00300000002608 -0.00313017098233 273.280115128 -64.1293654442
ID2065 45.93 44.91 41.2 6.09236650485 NaN 2.93650839297 -0.00209049611398 -0.00326598144302 228.349734243 -23.0300165244
ID5078 69.95 72.57 42 6.07273809524 NaN 2.87360615465 0.022031999886 0.0212389372587 188.360069403 -50.4060739945
ID2932 12.59 56.14 40 6.3999 NaN 2.85772506135 0.00361632003056 -0.000316938290771 178.667338898 -0.00540240500105
ID2067 45.95 45.81 45.8 6.5418231441 NaN 3.01464178659 -0.0136240003705 -0.0140863800868 246.981880149 -35.7596792035
ID7484 27.98 45.25 16.2 5.84941358025 NaN 2.77317530661 0.00107200005651 0.00463097297028 148.612842134 20.7268647842
ID3967 115.91 30.02 33.5 6.22284328358 NaN 2.82731734074 0.0235236493928 0.0212085452456 79.1110557504 -18.0869955142
ID15212 38.99 -16.99 33.1 6.5683081571 NaN 2.9203550304 0.00342054409644 0.00207652680646 159.472567374 -16.3115495758
ID2066 45.94 45.36 44.1 6.37990929705 NaN 2.98874172755 -0.0098954877615 -0.00866319374323 238.589081811 -29.8811065386
ID6895p 50.35 47.4 40 6.11759625 NaN 2.8715912349 -0.019999999553 -0.0199442971498 271.647014546 -58.4222006798
ID9680p 35.21 30.64 35.1 6.1393019943 NaN 2.86556532021 -0.0586926101216 -0.0185083020363 39.7041708213 44.63585665
ID4467 52.42 48.49 35 5.6639 NaN 2.72418448197 -0.0100580477636 -0.00810522176641 278.139632811 -61.5237896879
ID4103 116.86 37.42 30 6.06988333333 NaN 2.81348841375 0.0159765767556 0.0163972044445 66.6366993239 -13.6488960239
ID18998p 121.19 31 30 6.13316666667 NaN 2.78387129145 0.00337600008771 0.00387093783915 63.3011996545 9.79463798523
ID7972 -22.6 63.85 15.1 6.39289072848 NaN 2.95827533374 0.0450000017881 0.0132717555389 63.42757407 62.4832646847
ID4102 117.23 37.21 29.3 6.00182593857 NaN 2.82793321711 0.0160862088515 0.0155777873383 68.4398422112 -12.679809492
ID4462 76.33 67.86 35.4 6.1256920904 NaN 2.89890866922 0.0195579520997 0.021775469381 164.718046842 -45.8684941015
ID1491 -77.72 34.53 35 6.30990714286 NaN 2.81867001058 0.00678489619321 0.00858254138684 162.668565157 -24.8725539316
ID4271 -111.06 75.52 34.36 6.17544965076 NaN 2.77380263331 0.000813760038786 -0.0119993441886 196.307596528 -64.8359674014
ID3287 -166.79 68.35 32.22 5.81308193669 NaN 2.76413983689 1.45519147972e-16 -0.0102320504412 120.412096341 -38.5965362377
ID1862 34.48 45.67 39.7 6.19896725441 NaN 2.93073240672 0.0201558394234 0.0164219498876 193.91274955 -7.50496563439
ID2953 28.5 30.1 33 5.84206060606 NaN 2.75305017482 0.00200000009499 0.00796996243298 212.157765503 24.1840267181
ID4111 115.79 39.08 33 6.09157121212 NaN 2.83231185933 0.0156053122541 0.0169714705905 56.6360963088 -4.4838536323
ID1860 34.89 46.47 40.5 6.28541975309 NaN 2.86415369837 0.0260236165403 0.023673221517 209.869002063 1.72161263303
ID4273 -116.31 77.03 38.18 5.89245023573 NaN 2.71009932465 0.00322745614617 0.00228432088535 206.018604638 -45.2166872638
ID1861 34.61 46.11 39.5 6.2883164557 NaN 2.91105468333 0.00554137600841 0.0039130999265 201.609682307 -1.51186637218
ID4104 115.97 37.92 30.8 6.10556818182 NaN 2.82084476265 0.017070272804 0.0173655194513 60.2596381866 -11.8261974259
ID4589p 53.7 39.45 41.5 5.84107951807 NaN 2.7981924893 -0.0140000004321 -0.0160643253475 231.546479384 -52.9417259693
ID6871 43.4 66 34 6.43394117647 NaN 2.93196384775 0.0130000002682 0.0104344682768 241.261250732 -11.1507024765
ID3289 -163.02 69.73 27.78 5.63138948884 NaN 2.75735875273 0.000440640020928 -0.000581633295382 164.488919776 -35.7427191687
ID1845 34.92 46.45 40.2 6.94337064677 NaN 3.14629273026 0.0206079996526 0.0219703053981 209.893281775 1.23276803672
ID6870 42 66.3 38 6.403 NaN 2.90927124573 0.0109999999404 0.0123811298981 243.539934448 -9.31980514526
ID5000 88.5 22.7 32 5.462046875 NaN 2.63117604337 0.00899999961257 0.00689580710605 139.359928101 -26.9771633148
ID6900p 52.1 49.4 34 5.74220294118 NaN 2.7416770914 -0.0410000011325 -0.0248989537358 273.095394113 -61.8758125305
ID302 -64.95 47.5 46.3 6.5218412527 NaN 2.9394976587 0.0250000003725 0.0153660243377 175.508439789 -37.4404110909
ID6724 33.4 45.2 33 6.68154545455 NaN 2.99574800868 0.00300000002608 0.0062565272674 178.876894273 -5.61589813232
ID6901p 52.45 49.8 32 5.703734375 NaN 2.71101877283 0.00999999977648 0.00929535739124 271.758223423 -58.1146919727
ID4456 75 68.71 38.75 6.29967096774 NaN 2.90342813515 0.0115040000454 0.0148314291611 162.646768245 -45.6216357155
ID307 -53.55 49.2 41.5 6.8648060241 NaN 3.06584550144 0.00899999961257 0.00806427001953 171.65132168 13.8638532758
ID4468 50 48.77 31.25 5.635392 NaN 2.81924456948 -0.00792000044137 -0.00897428913414 264.747440956 -65.8010681229
ID18588 -7.37 33.71 37.45 6.58651535381 NaN 2.93817925328 0.00517484774708 0.0209037783421 91.5798612426 31.4096665411
ID4469 47.3 48.44 40 5.749625 NaN 2.73600137545 -0.00468000015989 -0.00657309307158 260.712313082 -57.1193118286
ID4455 73.33 68.57 36.25 6.18243448276 NaN 2.85997653517 0.0275008645004 0.0209936212254 161.300670499 -45.9170685712
ID2731 54.95 45.62 46.3 6.34468682505 NaN 2.94498709447 0.00547199996561 0.00043594024051 225.926449995 -24.5820056896
ID161 22.95 59.77 26.4 6.09607954545 NaN 2.75200159643 -0.00236800006032 -0.0146935325786 234.949128348 -42.5884516881
ID1991 36.25 46.67 39.8 5.74170854271 NaN 2.6626873773 0.00621600020956 0.00566636651754 228.300299129 -2.83788909899
ID11246 37.07 25.5 19.8 6.55878787879 NaN 2.92241705493 0.0134240003377 0.0165410925448 58.5912247211 35.5990932522
ID6896p 50.7 47.8 38.5 6.00364935065 NaN 2.82619687414 -0.0179999992251 -0.0179911199957 271.300178252 -61.6054077148
ID2068 45.96 46.27 45.9 6.57005446623 NaN 3.0468266028 -0.0129344642532 -0.0135429880518 253.608142489 -40.6468700136
ID2732 54.86 46.05 39.3 6.376043257 NaN 2.94525205137 -0.00292000008002 -0.00786826066673 241.997925019 -30.3342835789
ID2530 3.11 39.79 24.4 5.84930327869 NaN 2.73641831801 -0.00108659204499 0.0249054336438 71.1351015275 25.2941437547
ID1414 20.55 63.84 40 6.50619375 NaN 2.90486252097 0.0114640001506 0.0220400230587 245.022836256 -40.4126054363
ID2733 54.77 46.48 35.1 6.16612535613 NaN 2.90845154898 -0.00366732802317 -0.0101964949338 256.350984445 -35.9800242136
ID2069 45.98 47.17 43.2 6.46582175926 NaN 3.02437430502 -0.00179731209219 -0.00250748799221 261.24652423 -46.6032842521
ID4408 34.56 46.09 40.52 6.18634007897 NaN 2.91479140126 0.00399276795162 0.0055581808331 200.813557518 -1.42886433365
ID4811 53 47.7 41.7 6.18565347722 NaN 2.88213892532 -0.0219999998808 -0.0214998461306 278.578356934 -53.2399177551
ID2695 54.43 37.76 32 5.815140625 NaN 2.87809717493 -0.00129465606279 -0.00114701649002 193.645647446 -22.7298295514
ID3973p 115.91 30.02 35.5 6.16173239437 NaN 2.82747018067 0.0235236493928 0.0212085452456 79.1110557504 -18.0869955142
ID4810 50.3 47.3 41.4 6.21242149758 NaN 2.91518746063 -0.019999999553 -0.0204904340208 271.9248336 -57.4031143188
ID6897p 51.05 48.2 35.5 5.79215070423 NaN 2.7584637535 -0.01600000076 -0.0157122090459 271.800417541 -63.8402056694
ID2734 54.68 46.91 36.2 6.17959944751 NaN 2.92830955787 0.00541388810986 0.00444966641452 268.210738784 -41.2003669927
ID2697 54.45 38.64 32.2 5.90976708075 NaN 2.88538066745 0.0183279992789 0.0183891112804 218.508905257 -33.5123705187
ID2682 57.42 42.11 36.5 6.22736986301 NaN 2.88116799048 0.00200000009499 0.00200201188526 153.966104821 -21.2586391377
ID2696 54.44 38.2 29.4 5.97736394558 NaN 2.92329672586 0.00240000006463 0.00125915694144 207.632050136 -29.0224342499
ID1943 34.77 45.5 16.5 5.9713030303 NaN 2.83879886018 0.0147999997139 0.0160008334592 194.071506335 -12.5836095653
STOR -5.375 58.23667 26.8 NaN 3.87238423187 3.04831616961 0.0562398447031 -0.0186352500167 117.98755259 30.9638625071
JSA -2.171667 49.18833 31 NaN 3.98320842026 3.10752995318 0.0266903126307 0.0198410582875 160.285871281 12.6156740456
T7BG 6.47311843297 52.1540919758 32 NaN 3.45857294344 2.7807705426 0.0120382958342 0.0147997105723 116.615634716 9.04751711189
NWG30 6.625 58.145757418 28 NaN 3.37493063545 2.80825443897 0.0982499972323 0.00876471945217 149.555958556 11.0779556959
FCC -94.0866 58.7616 42 NaN 3.78420848418 2.93231202822 0.00642486258191 0.00395347558356 221.910695212 -100.929502404
CTSN -82.484642 62.851799 36 NaN 3.60417424208 2.87295504776 0.000997937524914 0.00134132445917 235.228288191 -86.2914065363
AKVQ -78.19122 60.80801 50 NaN 3.85279132762 3.0254326569 0.00044028135131 -0.00218478493876 227.622082905 -67.7967697259
YRTN -92.1095 62.8102 40 NaN 3.80471999374 2.97286241066 -0.00191396986593 -0.000309859364642 221.925609865 -99.2847792513
ILON -81.824217 69.3712 38 NaN 3.72179043879 2.92018837254 0.0322818199256 -0.000513474795686 235.036006881 -93.9099752008
ARVN -94.07014 61.09764 40 NaN 3.62960670829 2.88416013056 0.000819127169451 -0.00144331832457 230.484492927 -114.341106189
MCMN -92.29769 63.3043 38 NaN 3.77985698096 2.94838400002 0.0182192983283 0.0200848699812 215.83553348 -94.4375286436
INUQ -78.11861 58.45092 44 NaN 3.80245601316 2.97484347873 0.0130658006314 0.0223011340843 249.881331227 -77.8657252688
DORN -76.530502 64.229942 38 NaN 3.78452262412 2.95910187736 0.012540270901 0.0201555148218 226.123741506 -87.2152038796
IGLN -81.8175 69.369 38 NaN 3.73512283953 2.93304574879 0.0308688394728 -0.00064184077449 235.041464652 -93.9333946599
S22_BBKI_SE 114.84 -3.46 29.5 NaN 3.20263365609 2.71645237392 0.0433372168676 0.0243572289271 50.7972299949 78.4839635864
S22_BBKI_NW 114.84 -3.46 29.5 NaN 3.76326760716 3.10307841207 0.0433372168676 0.0243572289271 50.7972299949 78.4839635864
S22_BBKI_NE 114.84 -3.46 29.5 NaN 3.6747873533 3.0463787186 0.0433372168676 0.0243572289271 50.7972299949 78.4839635864
A20_BSR1_Vs 47.6153 30.3581 47 NaN 3.46187813843 2.81400894023 0.0117274277663 0.0148784083851 238.331175589 -65.0463744228
A20_NSR3_Vs 46.2199 31.0514 44 NaN 3.47294621682 2.85393152203 0.00598051013562 0.00507427028941 254.505263163 -66.2464171898
A20_NSR1_Vs 46.1151 31.7416 48 NaN 3.4582169786 2.82722056438 0.0125623906957 0.0103339291988 250.431571171 -61.2667554563
A20_BSR2_Vs 47.6191 30.2927 48 NaN 3.46802007299 2.81521020018 0.0160163613514 0.0182178679425 239.192695195 -65.2231393112
A20_NSR2_Vs 46.1374 31.555 46 NaN 3.43163414634 2.81576471414 0.00849738717223 0.00795781553561 251.991119219 -63.405671254
WKZ01_WKZ02 54.45695 43.173 39.5 NaN 3.51374491716 2.88981432821 0.00748912565003 -0.00121673282966 177.079733153 1.0762496057
ID18255 69.81 21.56 38.9 NaN 3.79297043702 3.00831468333 0.00437183997458 0.00624003142315 100.003223503 -10.9526041251
ID18253 80.03 15.56 42 NaN 3.81100714286 2.99964983153 0.0139444484515 0.0177104377252 142.50648343 -64.6424662751
ID18252 79.96 15.28 42 NaN 3.783275 2.94951599006 0.0138845443661 0.015784842102 140.643938975 -67.1965678574
ID17059 -63.33 45.79 36.9 NaN 3.25595799458 2.62860926787 0.0203065596616 0.0100977528714 169.08930578 -24.0210044895
ID17244s 104.92 -2.75 31.9 NaN 3.4410815047 2.76141735325 0.00401600019261 0.00507308509946 89.6169957509 97.6377458191
ID18259 71.95 22.3 38.4 NaN 3.71983854167 2.96348232706 0.019999999553 0.0208780504763 116.486509047 -14.8429678679
ID4163 130.81 -11.84 43.93 NaN 3.66488504439 2.8555269966 0.0181573123208 0.0212367876269 219.584224187 93.738170325
ID1681 130.64 -11.42 31.41 NaN 3.51403374721 2.85895819756 0.0393231374099 0.0156898527117 224.620847332 93.9708634316
ID6898s 51.4 48.6 34 NaN 3.21729852941 2.72626402646 -0.00999999977648 -0.00974739901721 272.665166086 -64.7636260986
ID4175 115.91 30.02 35.5 NaN 3.62705774648 2.86543663412 0.0235236493928 0.0212085452456 79.1110557504 -18.0869955142
ID6895s 50.35 47.4 40 NaN 3.48516875 2.89177429275 -0.019999999553 -0.0199442971498 271.647014546 -58.4222006798
ID6899s 51.75 49 34 NaN 3.23787941176 2.71190012969 -0.00300000002608 -0.00313017098233 273.280115128 -64.1293654442
ID18998s 121.19 31 30 NaN 3.56655 2.83858427176 0.00337600008771 0.00387093783915 63.3011996545 9.79463798523
ID9680s 35.21 30.64 35.1 NaN 3.47043447293 2.87236484987 -0.0586926101216 -0.0185083020363 39.7041708213 44.63585665
ID6900s 52.1 49.4 34 NaN 3.22480882353 2.72126530124 -0.0410000011325 -0.0248989537358 273.095394113 -61.8758125305
ID4589s 53.7 39.45 41.5 NaN 3.30408313253 2.78620458294 -0.0140000004321 -0.0160643253475 231.546479384 -52.9417259693
ID6901s 52.45 49.8 32 NaN 3.299159375 2.76451049907 0.00999999977648 0.00929535739124 271.758223423 -58.1146919727
ID6896s 50.7 47.8 38.5 NaN 3.46177662338 2.87224137363 -0.0179999992251 -0.0179911199957 271.300178252 -61.6054077148
ID6897s 51.05 48.2 35.5 NaN 3.33474366197 2.80285681648 -0.01600000076 -0.0157122090459 271.800417541 -63.8402056694
ID3973s 115.91 30.02 35.5 NaN 3.55717464789 2.86595065692 0.0235236493928 0.0212085452456 79.1110557504 -18.0869955142
MMBE 43.3721 -21.7501 23 NaN 3.13151450289 2.82004299001 0.00565525159101 0.00824640768483 85.3042875088 17.6458329422
DGOS 49.3606 -12.2825 18 NaN 3.30761416334 2.83715293439 0.0263392946713 0.0243845207021 80.6095176175 14.5436748948
LAHA 50.2911 -14.9344 33 NaN 3.71048834207 2.93333195752 0.0228030364158 -0.0202915207265 84.569513983 25.0192661086
MAHA 47.6899 -23.1714 35.5 NaN 3.69662192858 2.9159563456 0.0110218012578 0.0139710915589 96.7276882359 24.5384292991
MAGY 48.9785 -19.3179 35.5 NaN 3.74917493753 2.9258181216 -0.00835886478544 0.00601588213138 87.1935508362 19.703501265
ANLA 49.4599 -17.7062 43 NaN 3.82209138486 3.00583243491 0.0294354624252 0.0221611448021 80.8351951133 23.944723552
nan -8.51 33.21 34 NaN NaN 2.85146640361 0.0383173125154 0.0234811967524 103.964874631 29.8926076026
nan 13.986 -21.759 31 NaN NaN 2.83537580747 0.00951432461773 0.0136407242673 89.4489604333 53.3323458837
nan 25.4556 29.2433 35.5 NaN NaN 2.85958331647 0.00951143278181 0.0177582525158 188.759434434 33.7747542835
nan 28.5038 31.047 33 NaN NaN 2.84600718258 0.00908909590103 -0.0118346560106 228.95474533 -2.06999077391
nan -16.96 14.39 26.3 NaN NaN 2.81206299663 0.00262041601626 0.00413469286632 136.797747265 49.9607990166
nan 20.12 30.55 24.1 NaN NaN 2.80144651562 0.00751200015843 0.0145780558437 74.3583720166 49.5160423679
nan 9.91 2.94 28 NaN NaN 2.82028568156 0.0154146558547 0.0171352841255 124.85988202 31.1617534731
nan 40.85 13.2 16 NaN NaN 2.76401349234 -0.070000000298 -0.0145284868777 51.9847131039 29.7323504686
nan 32.75 -25.55 40.9 NaN NaN 2.88880247436 0.00800000037998 0.0178511682898 129.41696744 22.0431807414
nan 49.4599 -17.7062 43 NaN NaN 2.89961715184 0.0294354624252 0.0221611448021 80.8351951133 23.944723552
nan 49.3606 -12.2825 18 NaN NaN 2.77237347929 0.0263392946713 0.0243845207021 80.6095176175 14.5436748948
nan 50.2911 -14.9344 33 NaN NaN 2.84600718258 0.0228030364158 -0.0202915207265 84.569513983 25.0192661086
nan 48.9785 -19.3179 35.5 NaN NaN 2.85958331647 -0.00835886478544 0.00601588213138 87.1935508362 19.703501265
nan 47.6899 -23.1714 35.5 NaN NaN 2.85958331647 0.0110218012578 0.0139710915589 96.7276882359 24.5384292991
nan 43.3721 -21.7501 23 NaN NaN 2.79607166492 0.00565525159101 0.00824640768483 85.3042875088 17.6458329422
nan 47.31 -24.28 35 NaN NaN 2.85689246466 0.0193154558807 0.0196459673856 92.9761593867 26.3549367483
nan 48.35 -21.24 31 NaN NaN 2.83537580747 -0.0126239998592 -0.00139543108689 99.9395318033 19.4804108815
nan 48 -22.14 33 NaN NaN 2.84600718258 0.0117520003803 -0.00041714137746 100.56096145 22.5387883301
nan 47.72 -22.8 35 NaN NaN 2.85689246466 0.0304559992254 0.0221778935939 98.1861788498 25.4540721436
nan 47.69 -23.17 33 NaN NaN 2.84600718258 0.0112696960921 0.0141030535417 96.7336653967 24.5419905256
nan 47.54 -23.8 35 NaN NaN 2.85689246466 0.00490399990045 0.00785534029454 94.0821227186 24.7845002747
nan 49.4599 -17.7062 43.5 NaN NaN 2.9021031433 0.0294354624252 0.0221611448021 80.8351951133 23.944723552
nan 50.2911 -14.9344 31.1 NaN NaN 2.83590224724 0.0228030364158 -0.0202915207265 84.569513983 25.0192661086
nan 48.9785 -19.3179 28.9 NaN NaN 2.8247200614 -0.00835886478544 0.00601588213138 87.1935508362 19.703501265
nan 47.6899 -23.1714 35.9 NaN NaN 2.86173259368 0.0110218012578 0.0139710915589 96.7276882359 24.5384292991
nan 45.60419 10.75869 21.1 NaN NaN 2.78682215092 0.0116311739702 0.00956319180154 47.8947395586 22.3918522506
nan -81.4327 28.1103 33.5 NaN NaN 2.84874742608 0.020384139172 0.0225904823238 154.386710096 7.56077200583
nan -81.4327 28.1103 35 NaN NaN 2.85689246466 0.020384139172 0.0225904823238 154.386710096 7.56077200583
nan -119.066 34.108 25.9 NaN NaN 2.81011625025 0.211170589194 0.00786750052208 68.183001586 -23.8039026607
nan -161.96 60.751 29.6 NaN NaN 2.82817978573 0.0266200296602 0.0183768115317 68.3403325471 3.87239383347
nan -156.617 71.322 28.5 NaN NaN 2.82274821263 0.00111826252317 -0.00576962550515 188.502704784 -48.637083747
nan -163.554 62.749 30.8 NaN NaN 2.83432586691 0.00867562577022 0.0062798725958 71.0849965044 -10.7221290165
nan -166.201 60.385 35.6 NaN NaN 2.86011869489 0.00473930018382 0.0150036103086 62.8913916338 -6.03443145653
nan -161.685 59.924 31.4 NaN NaN 2.8374821964 0.0234681527614 0.0222955827987 79.8055580296 11.609087885
nan -152.394 58.61 37.4 NaN NaN 2.86990814285 0.0819678027087 0.016369814628 156.719141888 1.54907581396
nan -115.98617 33.27989 20.5 NaN NaN 2.78391764338 0.00530170779864 -0.00198966460336 57.2451249119 -21.9994122631
nan -116.16402 33.63481 22.9 NaN NaN 2.79558269391 -0.0351982400272 0.0019681685831 57.6276559009 -20.69770438
nan -114.0138 28.00751 33.9 NaN NaN 2.85092338564 0.00452082261119 0.00929355889221 54.7298658708 -23.3752240583
nan -107.73933 24.73088 20.3 NaN NaN 2.78295552573 0.0109344410869 0.00859715016156 52.2215704811 0.76594267164
nan -94.07 61.098 41.4 NaN NaN 2.89142665818 0.00086388587009 -0.00143325734287 230.484352549 -114.340775549
nan -82.485 62.852 36.6 NaN NaN 2.86554328453 0.000997026351356 0.00132553961356 235.226245331 -86.292162781
nan -76.531 64.23 36.5 NaN NaN 2.8649993945 0.0125285029591 0.0202587403373 226.125068462 -87.2165369345
nan -94.087 58.762 40.6 NaN NaN 2.88720877688 0.0057900371166 0.00388186386084 221.915323584 -100.932715031
nan -81.824 69.371 38.4 NaN NaN 2.87534343531 0.0322825669301 -0.000522976024179 235.036045552 -93.9120223669
nan -78.119 58.451 41.8 NaN NaN 2.89349318691 0.0130451459803 0.0222699059631 249.882106263 -77.8666733478
nan -93.557 69.54 35.6 NaN NaN 2.86011869489 0.0235428899835 0.0197555194284 236.820405828 -74.5240110274
nan -79.225 56.542 29.1 NaN NaN 2.82570608548 0.00529584830627 0.0154342880815 246.404961934 -90.3495737365
nan -92.11 62.81 36.9 NaN NaN 2.86717641788 -0.00202816009633 -0.000316288591373 221.927699472 -99.2883240083
nan -62.8102 50.2872 38.6 NaN NaN 2.87642682704 0.00166257233489 0.00378859394843 190.436733355 -54.7264829472
nan -70.0064 47.4706 39.8 NaN NaN 2.88290284717 0.0167012707097 0.0120685001528 180.809206794 -33.0646245906
nan -81.824217 69.3712 38 NaN NaN 2.87317096739 0.0322818199256 -0.000513474795686 235.036006881 -93.9099752008
nan -81.8175 69.369 38 NaN NaN 2.87317096739 0.0308688394728 -0.00064184077449 235.041464652 -93.9333946599
nan -76.530502 64.229942 38 NaN NaN 2.87317096739 0.012540270901 0.0201555148218 226.123741506 -87.2152038796
nan -82.484642 62.851799 36 NaN NaN 2.86227502415 0.000997937524914 0.00134132445917 235.228288191 -86.2914065363
nan -92.1095 62.8102 40 NaN NaN 2.88397889268 -0.00191396986593 -0.000309859364642 221.925609865 -99.2847792513
nan -92.29769 63.3043 38 NaN NaN 2.87317096739 0.0182192983283 0.0200848699812 215.83553348 -94.4375286436
nan -94.07014 61.09764 40 NaN NaN 2.88397889268 0.000819127169451 -0.00144331832457 230.484492927 -114.341106189
nan -94.0866 58.7616 42 NaN NaN 2.89452331281 0.00642486258191 0.00395347558356 221.910695212 -100.929502404
nan -78.19122 60.80801 50 NaN NaN 2.9284909114 0.00044028135131 -0.00218478493876 227.622082905 -67.7967697259
nan -78.11861 58.45092 44 NaN NaN 2.90452936224 0.0130658006314 0.0223011340843 249.881331227 -77.8657252688
nan -79.571518 33.460739 26.5 NaN NaN 2.81303928604 0.0114106692952 0.0127245625542 163.422210537 -13.5651613769
nan -80.747597 32.431999 34.5 NaN NaN 2.85417734588 0.0119650537561 0.00426871325931 161.750222661 -7.828298834
nan -79.932899 32.731098 32.25 NaN NaN 2.84196550308 0.00750104505347 -0.000266575032699 163.338032808 -13.4892072166
nan -78.667999 33.863602 33 NaN NaN 2.84600718258 0.002040051884 -0.000941633650808 164.588547534 -19.4568325111
nan -80.218964 32.9944 28.75 NaN NaN 2.82398101598 0.023585618178 0.0186330170311 162.520728712 -10.4102650089
nan -79.890701 33.335701 24.25 NaN NaN 2.80217666049 0.0179630849345 0.0186710515939 162.880676498 -11.6301112751
nan -79.359558 34.028099 30 NaN NaN 2.83018643127 0.0153827878558 0.0139534811773 162.427035414 -12.3849000283
nan -119.065872 34.108189 25 NaN NaN 2.80579125631 0.212573825554 0.00850122309779 68.1827667724 -23.8022487885
nan -117.248001 32.841 20.5 NaN NaN 2.78391764338 0.139922858905 0.0142018302563 61.5693012517 -23.9130301536
nan -80.1778 33.1067 33.5 NaN NaN 2.84874742608 0.0225756719923 0.0238004812086 162.539383958 -10.3638582754
nan -81.4327 28.1103 35.75 NaN NaN 2.86092339403 0.020384139172 0.0225904823238 154.386710096 7.56077200583
nan -75.6171 38.8256 30 NaN NaN 2.83018643127 0.0180701231547 0.0164604828281 153.085196708 -23.5080621015
nan -73.9602 40.7911 40.25 NaN NaN 2.8853279145 0.0315942210018 0.0145070516932 155.862609649 -19.155997955
nan -73.817611 40.73493 39.5 NaN NaN 2.88129281193 0.0218079121266 0.0139753524534 155.033352898 -19.4322863298
nan -73.8852 40.8603 33.5 NaN NaN 2.84874742608 0.0317526002487 0.0221910857961 155.364982983 -18.6662565598
nan -115.26078 32.420952 22 NaN NaN 2.79119523305 0.00950459675768 0.0135040734652 55.5349587634 -23.8417410828
nan -114.013802 28.007509 23 NaN NaN 2.79607166492 0.00452037221891 0.00929310379348 54.7298749451 -23.3752280247
nan -93.1875 30.059601 21 NaN NaN 2.78633621587 0.00358618572075 0.00403822877418 144.048226032 -1.70798107913
nan -95.648102 28.840401 40.25 NaN NaN 2.8853279145 0.00322637859404 0.00475743280226 160.256238884 -16.1268148044
nan -91.482697 31.880301 30.75 NaN NaN 2.8340642858 0.0237613704629 0.0213392301316 141.131972951 -6.1939578972
nan -83.255203 29.5107 43.5 NaN NaN 2.9021031433 0.0147014311319 0.0128880628998 156.391753272 9.00774551052
nan -81.804901 27.0569 37 NaN NaN 2.86772298493 0.0136779643082 0.0133594353806 150.433307398 11.62633764
nan -83.683601 30.084101 37 NaN NaN 2.86772298493 0.0160199434623 0.0158792535689 158.750361478 5.49212046803
nan -81.257797 29.422001 35.75 NaN NaN 2.86092339403 0.0109694883608 0.0115532514688 158.446825247 1.76284963203
nan -81.361603 28.212601 33 NaN NaN 2.84600718258 0.021868101785 0.0206422166454 154.792613728 6.69140036032
nan -80.898399 28.0592 36.5 NaN NaN 2.8649993945 0.0171487998095 0.0155481068902 154.34309663 2.80081593459
nan -80.879097 27.524 36 NaN NaN 2.86227502415 0.0233906952191 0.0228335388524 152.247210452 4.70442563529
nan -81.443199 26.337299 35.25 NaN NaN 2.85824291529 0.0106352329196 0.0105059728029 149.060019229 12.0627794067
nan -80.556 26.4062 38.25 NaN NaN 2.87452981848 0.00414671443103 0.00481814332615 148.732255663 7.76639815478
nan -81.1996 28.962099 33.25 NaN NaN 2.84737843459 0.0198237616828 0.0196350532119 157.356253724 2.76902564584
nan -82.534798 29.3689 34.75 NaN NaN 2.8555347256 0.0242671484243 0.0247034689656 156.932867389 9.67012286755
nan -81.556297 30.6199 34.5 NaN NaN 2.85417734588 0.00866417999565 0.0053362522668 159.973633149 0.188270976968
nan -81.729103 30.016001 38.5 NaN NaN 2.87588528259 0.0197709312117 0.0176592108677 159.099621587 3.55514968231
nan -84.431702 30.188999 40.5 NaN NaN 2.88667376103 0.0209813396483 0.0213248068315 159.128354614 0.956251065542
nan -81.143997 26.9671 36 NaN NaN 2.86227502415 0.0107886524626 0.0086885395129 150.492263516 8.921570302
nan -81.485497 31.423901 30.75 NaN NaN 2.8340642858 0.00753780431073 0.00872572142277 160.760963703 -2.45972440519
nan -80.906998 25.8657 35 NaN NaN 2.85689246466 0.0049814971675 0.00522467605635 148.742017069 12.5418198654
nan -81.0261 31.9746 40 NaN NaN 2.88397889268 0.0011087714596 0.00220465302881 161.236962635 -6.10616469735
nan -80.361801 27.0361 29.75 NaN NaN 2.82892652157 0.0109402480211 0.0101814202003 149.962474947 2.12962485278
nan -81.052299 24.726601 35.75 NaN NaN 2.86092339403 -0.000378319516547 -0.00626326022254 150.608916955 17.360343262
nan -70.646599 41.562 30 NaN NaN 2.83018643127 0.00403630473849 -0.00234780865736 123.573750191 -10.3928363947
nan -82.022301 30.7248 35.5 NaN NaN 2.85958331647 0.0224085383359 0.023701462082 160.083485132 2.54246383678
nan -85.2938 30.1327 37.5 NaN NaN 2.87045266651 0.0167363264735 0.0182946244006 157.485663864 -5.003371496
nan -70.0096 47.468 38.75 NaN NaN 2.87723888691 0.0134205325387 0.0118896019372 180.795617448 -33.0608819256
nan -79.666496 33.905701 20.5 NaN NaN 2.78391764338 0.0187555185856 0.0219680902078 162.289581451 -10.7819373857
nan -79.278 33.241402 33.75 NaN NaN 2.85010854826 0.00610842225564 0.00248139485627 164.741051413 -17.2086979731
nan -80.193497 32.736401 30.5 NaN NaN 2.83276154809 0.0111557445393 0.00653167880636 162.674276479 -11.3296278556
nan -76.653503 37.705502 22 NaN NaN 2.79119523305 0.0273466934899 0.0179052551511 148.327097427 -17.9516564929
nan -76.734901 37.139702 20.5 NaN NaN 2.78391764338 0.0131203994205 0.013129375603 147.832095551 -19.0297734653
nan -77.159599 36.471802 31.25 NaN NaN 2.8366925141 0.0222273888075 0.0235650266345 149.780649625 -17.7354771925
nan -76.446404 36.331902 32 NaN NaN 2.84063696512 0.00791254699682 0.00915237584013 150.347068607 -26.5990196988
nan -76.990898 35.177299 33 NaN NaN 2.84600718258 0.0117785308764 0.0106151046489 158.328975279 -28.5162377316
nan -77.976799 34.577301 33 NaN NaN 2.84600718258 0.0121080831588 0.0145146807929 161.985376851 -21.6406965984
nan -78.216301 34.004601 33.25 NaN NaN 2.84737843459 0.00838932237635 0.00961243974292 165.07761794 -23.2058416912
nan -77.262901 35.764999 32.25 NaN NaN 2.84196550308 0.0167899470425 0.0190724837112 153.751506974 -20.9066953122
nan -76.577599 35.791199 31.25 NaN NaN 2.8366925141 0.00386964680352 0.00565187774621 153.694450121 -28.8528760552
nan -79.812897 33.3349 26.25 NaN NaN 2.81181872503 0.0166427620883 0.0160135804188 163.050922707 -12.2190866995
nan -75.842903 39.001598 29.5 NaN NaN 2.82768406344 0.0184335612004 0.0173215087119 154.282747652 -21.6097478217
nan -76.580704 38.268398 29.25 NaN NaN 2.82644692691 0.0389870173282 0.0235287173576 150.525480809 -17.524966442
nan -75.3256 38.879902 33.5 NaN NaN 2.84874742608 0.00450211723569 0.00393327331821 153.391340736 -25.2724966603
nan -69.634697 43.919701 28.25 NaN NaN 2.82151343418 0.0193423043362 0.0157545265672 122.325854288 -5.12269235238
nan -71.210197 41.5509 31.25 NaN NaN 2.8366925141 -0.00124699697085 0.0146164329936 129.148608451 -10.4194471199
nan -75.672699 37.680401 31 NaN NaN 2.83537580747 0.00782009354036 0.00698641174556 148.587853512 -27.5519171931
nan -70.052803 42.029499 28.25 NaN NaN 2.82151343418 0.00893804793308 -0.015680153182 114.723426099 -6.7751684252
nan -62.35 82.5033 29 NaN NaN 2.82521289528 0.00142446176468 -0.0085400078921 175.380131989 -33.6104264184
nan -94.9 74.687 35 NaN NaN 2.85689246466 0.0160775119803 0.0168261698219 146.079194698 -46.7255300323
nan -119.36 76.2417 33 NaN NaN 2.84600718258 0.0143377553997 0.0199809197513 213.016115817 -46.0862578001
nan -93.5571 69.5405 29 NaN NaN 2.82521289528 0.0242174166224 0.0199189380867 236.823892434 -74.5214793813
nan -96.14 19.12 23.5 NaN NaN 2.79852547829 0.00671187225294 0.0110827022996 62.8057303198 22.7739158427
nan -96 18.28 31.9 NaN NaN 2.84010827588 0.0174480006844 0.0164302353859 56.1779089036 32.7754783936
nan -95.01 16.45 35.46666667 NaN NaN 2.85940486961 0.022776000008 0.0215053462982 74.5413549239 29.3144622999
nan -91.1866 18.967 31.7 NaN NaN 2.8390563024 0.00108413945607 -0.000551393032214 154.308737018 40.0726558593
nan -94.4225 18.0338 23.7 NaN NaN 2.79949990263 0.0258659485833 0.019013863842 90.7618447366 17.5343623261
nan -87.652 55.987 40.9 NaN NaN 2.88880247436 0.00769303387634 0.0104612307066 233.761688679 -91.6941648861
nan -79.2323 56.5359 37.1 NaN NaN 2.86827002913 0.011417398101 0.017000634494 246.348986814 -90.385796802
nan -79.2323 56.5359 49 NaN NaN 2.92516767525 0.011417398101 0.017000634494 246.348986814 -90.385796802
nan -83.772 11.994 36 NaN NaN 2.86227502415 0.00756434253147 0.0093985872618 76.9329113341 59.4989487473
nan -160.4766 55.3493 38.5 NaN NaN 2.87588528259 0.0321465316892 0.0233922743914 140.416855522 19.5880067949
nan -48.444 -1.45 44.77 NaN NaN 2.90817760753 0.00946822438406 0.0104383254589 182.622488553 -7.53805048372
nan -41.429 -21.784 35.21 NaN NaN 2.85802768741 0.0311446571811 0.0170890172562 120.155258564 6.25714567092
nan -52.732 5.207 41 NaN NaN 2.88933104601 0.0140239920977 0.0135681060147 183.597336858 -21.0655601195
nan -52.644 5.11 41 NaN NaN 2.88933104601 0.023954192372 0.0145687038208 183.239651994 -21.1014091953
nan -53.94 5.74 36 NaN NaN 2.86227502415 0.00257094404538 0.00351859575107 192.182487703 -17.8380345978
nan 117.38 31.47 32.95 NaN NaN 2.84573368447 0.0134286086778 0.0137091297689 81.7016827274 -2.64631343334
nan 117.86 33.56 32.56 NaN NaN 2.84362341158 0.0290565764878 0.0203516361002 75.0763077419 3.30867420129
nan 117.43 23.71 28.35 NaN NaN 2.8220071965 0.0250225923584 0.0145662986258 73.8565909412 32.1450697964
nan 118.96 24.98 28.1 NaN NaN 2.8207752303 0.0214284157195 0.00471771773843 75.4704072936 40.6119614692
nan 119.92 26.35 31.41 NaN NaN 2.8375347849 0.0473280005604 0.0127118787002 83.1479239044 36.0408915997
nan 119.47 25.22 29.12 NaN NaN 2.82580478493 0.0284349445267 -0.00274147118093 76.3242643558 40.8789502946
nan 111 21.44 27.74 NaN NaN 2.81902436522 0.0205040004291 0.00354045440606 58.7761031292 -11.0647280579
nan 116.63 23.42 29.38 NaN NaN 2.82708994684 0.0805663366112 0.0236749849261 79.7551014599 23.8480982692
nan 113.35 23.09 27.37 NaN NaN 2.81724876494 0.00217600002233 0.0108553435132 78.0228810192 -4.27340737392
nan 111.95 21.86 30.38 NaN NaN 2.83213877631 0.00592000021413 0.0125512021258 63.1059328818 -5.72699615431
nan 113.57 22.27 27.75 NaN NaN 2.81907255743 0.0366056960698 0.021339313953 78.7433514555 1.05959515702
nan 110.38 21.39 26.99 NaN NaN 2.81541808035 0.00630406431806 0.0132281917319 58.2469702317 -16.5568275109
nan 109.21 21.65 28.55 NaN NaN 2.82299498363 0.0251760005802 0.0201944343299 59.9650906107 -27.2344761839
nan 110.48 19.22 28.57 NaN NaN 2.82309365514 0.00983321568595 0.0179605554142 63.3383873599 -5.91868338843
nan 110.75 19.67 26.95 NaN NaN 2.81522444848 0.0289119991958 0.0197975432426 62.3982202427 -4.9996437407
nan 110.6 20.09 25.91 NaN NaN 2.81016462908 0.0315760000981 0.00105639990745 61.8084095252 -7.94969370389
nan 110.64 19.89 26.99 NaN NaN 2.81541808035 0.00632441634433 0.0138670645496 62.1874659917 -6.76900533104
nan 109.49 18.2 29.79 NaN NaN 2.82912665594 0.0574159977788 -0.00110920204687 63.9797113505 -10.0853955913
nan 109.43 19.81 28.64 NaN NaN 2.82343886548 0.0156910716759 0.0239108859234 63.9100179231 -16.9430938749
nan 110.42 18.8 29.52 NaN NaN 2.82778313449 0.0241679997146 0.0100460662991 63.3691021709 -5.31882990646
nan 110.87 19.96 25.98 NaN NaN 2.81050376174 0.0514930566764 0.0155105572493 61.7972029051 -4.98368719339
nan 118.77 34.51 30.77 NaN NaN 2.83416887125 0.0323010552061 0.0195669942015 69.1672589162 11.3789289969
nan 119.02 31.35 30.75 NaN NaN 2.8340642858 0.0392560010255 0.0220966370851 77.7073218716 9.85904768991
nan 119.24 34.31 30.76 NaN NaN 2.83411657083 0.0357385614491 0.00335702440816 66.7177022653 16.3463722069
nan 119.46 31.38 32.98 NaN NaN 2.84589772653 0.0164890878492 0.0170515691748 74.6176298202 11.2223467175
nan 118.16 33.54 30.96 NaN NaN 2.8351654406 0.0312024319132 0.0185355257252 74.583581174 7.0429541748
nan 118.31 34.05 31.33 NaN NaN 2.83711384475 0.0555999997258 0.0246827587783 72.4453314048 7.78353560337
nan 118.49 33.07 31.36 NaN NaN 2.83727175511 0.0114119680079 0.0173364260361 74.9306196163 10.8482792198
nan 119.45 32.15 33.37 NaN NaN 2.8480363729 0.0240000002086 0.0233363043517 71.6749183034 14.5170928352
nan 116.19 29.26 30.66 NaN NaN 2.83359437821 0.0236829436565 0.0244359669539 77.3718167926 -14.2345600904
nan 116.62 28.83 29.96 NaN NaN 2.82998340877 0.0261056008199 0.0165375174357 77.6181480172 -8.75496854015
nan 121.63 38.91 35.34 NaN NaN 2.85872620355 0.0522538862427 0.0230257262863 80.8252140123 13.2028604097
nan 123.59 39.9 31.57 NaN NaN 2.83837475111 0.0485440003984 0.00792221445963 87.28871544 28.1672451591
nan 121.27 39.54 32.34 NaN NaN 2.84244577638 0.151749636211 0.0140197477229 80.4563712829 9.9130038857
nan 120.97 40.72 31.54 NaN NaN 2.83821744511 0.0288766721112 0.00507445856445 81.4534522069 8.32674172689
nan 120.91 38.39 34.95 NaN NaN 2.85662117613 0.0250602883798 -0.0238071949034 75.0738845428 8.66565354327
nan 120.74 37.91 32.35 NaN NaN 2.84249919722 0.0252847996878 -0.00449674591962 72.1571789239 8.94634975843
nan 120.39 36.06 32.99 NaN NaN 2.84595244576 0.00503225585114 0.00971013872518 62.6882344036 16.4693133395
nan 119.52 35.42 34.12 NaN NaN 2.85211762062 0.0326006398738 0.0195944904425 64.2904286552 13.9830996898
nan 122.07 30.58 31.39 NaN NaN 2.83742959873 0.0277203204719 -0.0100013076226 59.5594028496 11.8643505574
nan 121.76 31.05 32.12 NaN NaN 2.84127355597 0.00624000003561 0.00402179140598 59.8389632262 10.1320129156
nan 121.26 30.79 31.39 NaN NaN 2.83742959873 0.00426976010859 0.00409496028587 63.7504759582 9.68114856045
nan 121.19 31.1 32.79 NaN NaN 2.84486273442 0.0103439996652 0.00393493304029 62.8845677788 9.94283019638
nan 121.15 31.08 32.38 NaN NaN 2.84265952485 0.009623999767 0.00406479466334 63.2246195106 9.92247020531
nan 120.49 31.29 33.18 NaN NaN 2.84699430497 0.0472797444499 0.0173240058792 67.0259027594 11.0481670651
nan 121.14 31.06 31.97 NaN NaN 2.8404781761 0.00458393598536 0.00402616754821 63.3741185899 9.89220774774
nan 120.85 30.38 30.94 NaN NaN 2.83506031595 0.0391839984879 0.00755975517631 68.7845187735 9.60408941174
nan 120.1 30.84 31.79 NaN NaN 2.83952885171 0.0200080006048 0.0182479247153 72.2402759838 9.83346996307
nan 120.89 30.78 31.59 NaN NaN 2.83847959861 0.00537107195121 0.00543087543899 66.4341157864 9.58148375947
nan 122.45 30.71 31.72 NaN NaN 2.83916122912 0.0590879994109 -0.00211995792389 57.6039561136 13.1211825486
nan 118 39.24 23.25 NaN NaN 2.79729920702 0.000880000041798 -0.00374146091752 68.8997534268 -7.05837384033
nan 119.47 39.83 29.97 NaN NaN 2.83003411468 0.024768640415 0.0100688610816 73.6696309768 -0.97801698455
nan 120.1 31.77 29.13 NaN NaN 2.82585414371 0.0136240004152 0.00469010762498 67.9366384165 13.4531995416
nan 119.54 31.73 29.2 NaN NaN 2.82619983132 0.00405401606611 0.00332483608615 72.6054073114 12.8684309326
nan 126.5575 34.1569 32.5 NaN NaN 2.84330174806 0.0907294193886 0.0182208290563 67.3420337103 42.4980400918
nan 124.716 37.9743 28.9 NaN NaN 2.8247200614 0.0247041053424 -0.00782359863694 94.9256912269 31.0579019494
nan 126.6333 37.4833 29.1 NaN NaN 2.82570608548 0.0160129146806 0.0133720916393 86.3385272926 37.6626145466
nan 110.4 21.4 26.8 NaN NaN 2.81449732228 0.0140000004321 0.0130098136142 58.2205661279 -16.4215717316
nan 109.2 21.7 28.5 NaN NaN 2.82274821263 0.00600000005215 0.016270743683 60.0191774634 -27.4596748352
nan 121.628 38.906 35.1 NaN NaN 2.85743407274 0.068680635229 0.0230545311405 80.8021737183 13.1923559254
nan 121.1908 31.0948 32.3 NaN NaN 2.84223220507 0.00930510324966 0.00395752749612 62.9007901418 9.93371778282
nan 117.43 23.71 28.3 NaN NaN 2.82176022162 0.0250225923584 0.0145662986258 73.8565909412 32.1450697964
nan 118.96 24.98 28.3 NaN NaN 2.82176022162 0.0214284157195 0.00471771773843 75.4704072936 40.6119614692
nan 119.92 26.35 31.2 NaN NaN 2.83642908378 0.0473280005604 0.0127118787002 83.1479239044 36.0408915997
nan 119.77 25.5 29.3 NaN NaN 2.82669415242 0.0183520001172 0.013981497772 77.8468799308 40.2787150536
nan 118.08 24.45 29.6 NaN NaN 2.82817978573 0.018711999679 0.0223074942678 73.9907625053 37.4984858437
nan 118.39 24.47 29.1 NaN NaN 2.82570608548 0.0189895672174 0.00894768578127 72.8175895288 39.2806175773
nan 119.95 26.15 31.7 NaN NaN 2.8390563024 0.0270000007004 -0.0100648673251 81.9421202409 37.4487650096
nan 118.39 24.46 29.5 NaN NaN 2.82768406344 0.0342258559066 0.00879285231739 72.7375262602 39.2870496548
nan 119.95 26.15 32 NaN NaN 2.84063696512 0.0270000007004 -0.0100648673251 81.9421202409 37.4487650096
nan 119.06 25.243 29.5 NaN NaN 2.82768406344 0.000313770462892 0.010600937419 77.5224591742 40.0700734834
nan 118.606 24.533 28.5 NaN NaN 2.82274821263 0.0102388926607 -0.00526453184125 72.506272505 40.1710858756
nan 117.521 23.734 27.5 NaN NaN 2.81787213809 0.0112419950828 0.00257912221629 73.2383585501 32.9617870756
nan 117.4 31.5 29.5 NaN NaN 2.82768406344 0.00899999961257 0.010462124832 81.666746521 -2.39264845848
nan 117.4 23.7 28.5 NaN NaN 2.82274821263 0.0230000000447 0.0143657261506 74.057284123 31.8652915955
nan 119.8 25.5 30 NaN NaN 2.83018643127 0.0170000009239 0.0106296539307 77.7400153809 40.2948913574
nan 116.6 23.4 28.6 NaN NaN 2.82324162731 0.002000000095 0.0224915090948 79.965785292 23.5043735504
nan 113.3 23.1 27 NaN NaN 2.81546646568 0.0120000001043 0.0124009447172 77.5214968833 -4.63437175751
nan 110.4 21.4 24.1 NaN NaN 2.80144651562 0.0140000004321 0.0130098136142 58.2205661279 -16.4215717316
nan 109.2 21.7 28.1 NaN NaN 2.8207752303 0.00600000005215 0.016270743683 60.0191774634 -27.4596748352
nan 120.7 31.7 28.6 NaN NaN 2.82324162731 0.00600000005215 0.00947231706232 63.6799287603 12.5102844238
nan 120.1 31.8 32.5 NaN NaN 2.84330174806 0.00400000018999 0.00459056440741 67.8085261946 13.6003723145
nan 119 31.4 30.4 NaN NaN 2.83224244409 0.0179999992251 0.0196925271302 77.6534353638 9.96180534363
nan 119.5 31.7 25.1 NaN NaN 2.80627159467 0.00400000018999 0.002607451519 73.0325244751 12.6595287323
nan 121 31.4 34 NaN NaN 2.85146640361 0.00300000002608 0.00290001765825 62.8759766235 10.8668794632
nan 116.6 28.8 30 NaN NaN 2.83018643127 0.0230000000447 0.017671585083 77.4812615229 -8.84913921356
nan 121.8 31 29 NaN NaN 2.82521289528 0.00400000018999 0.00347868609242 59.7831728821 10.2058095932
nan 121.3 30.8 32.4 NaN NaN 2.84276646285 0.00400000018999 0.00389088527299 63.4373990525 9.7065486908
nan 121.2 31.1 32.5 NaN NaN 2.84330174806 0.00899999961257 0.00389554770663 62.8210645398 9.93957614899
nan 120.5 31.3 33 NaN NaN 2.84600718258 0.0439999997616 0.0160575453192 66.9041947021 11.0756673813
nan 120.8 30.4 28.9 NaN NaN 2.8247200614 0.0170000009239 0.00821219570935 69.077165207 9.54332733154
nan 120.1 30.8 30.9 NaN NaN 2.8348502017 0.108000002801 0.0224758777767 72.4412945703 9.73777675629
nan 120.9 30.8 32.4 NaN NaN 2.84276646285 0.00499999988824 0.0053438609466 66.2594577402 9.59938621521
nan 121.7 29.2 31 NaN NaN 2.83537580747 0.00499999988824 0.00969738420099 66.8153865679 19.071516037
nan 108 21.5 28 NaN NaN 2.82028568156 0.00200000009499 0.00761010916904 62.6733016968 -31.4362564087
nan 109.5 21.5 28.6 NaN NaN 2.82324162731 0.0170000009239 0.00952932611108 59.2343177795 -24.6633987427
nan 110.5 19 30.3 NaN NaN 2.83172478053 0.0140000004321 0.0156858228147 63.327129364 -5.16716527939
nan 110.5 21.5 27.6 NaN NaN 2.8183515376 0.0240000002086 0.0205896161497 58.00989151 -16.0073432922
nan 113 22.5 27.4 NaN NaN 2.81739269738 -0.0010000000475 0.020272096619 73.7555923462 -3.01500940323
nan 113.5 23 27.3 NaN NaN 2.81691267415 0.0140000004321 0.00243902206421 79.4408950806 -2.86257958412
nan 114 23 28.2 NaN NaN 2.82126693797 0.00999999977648 0.0133335860446 83.7441482544 0.321552217007
nan 116 30 36.2 NaN NaN 2.86336411509 0.0260000005364 0.0194315388799 79.0917282104 -17.2450408936
nan 116 28.5 31 NaN NaN 2.83537580747 0.0189999993891 0.021052679047 74.9573440552 -13.6610679626
nan 116 29 31.5 NaN NaN 2.83800759772 0.0140000004321 0.0167786274105 76.2694473267 -15.3387622833
nan 116.5 28.5 30 NaN NaN 2.83018643127 0.0280000008643 0.0242202542722 76.5447616577 -8.64720821381
nan 116.5 29 31.5 NaN NaN 2.83800759772 0.019999999553 0.0136569337919 77.5487213135 -10.5280723572
nan 116.5 32.5 32.9 NaN NaN 2.84546072701 0.0209999997169 0.0203882846981 76.0459747314 -13.8299245834
nan 116.5 23 29 NaN NaN 2.82521289528 0.00899999961257 0.0149804754183 79.9878692627 21.5905799866
nan 117 30.5 32.9 NaN NaN 2.84546072701 0.00999999977648 0.0210340283811 81.6601486206 -7.41125011444
nan 117 31.5 34.7 NaN NaN 2.85526309321 0.0149999996647 0.0164452660829 81.0749435425 -7.02549505234
nan 117 33 32.5 NaN NaN 2.84330174806 0.0219999998808 0.021024916321 75.9951248169 -7.5378985405
nan 117.5 33 34.6 NaN NaN 2.85472001439 0.01600000076 0.0182934869081 77.1846313477 -0.713380277157
nan 117.5 33.5 33.9 NaN NaN 2.85092338564 0.0219999998808 0.0223239790648 75.1758041382 -1.35135233402
nan 118 33.5 33.1 NaN NaN 2.84655529656 0.019999999553 0.0196839440614 75.1090698242 5.16428375244
nan 118 34 33.5 NaN NaN 2.84874742608 0.0230000000447 0.0237722396851 73.4362258911 4.14045000076
nan 118 37 31.9 NaN NaN 2.84010827588 0.0120000001043 0.0125644477084 69.9844436646 -8.01668071747
nan 118.5 31.5 33.8 NaN NaN 2.85038020314 0.0170000009239 0.0177150312811 79.9064559937 7.63870716095
nan 118.5 34 33 NaN NaN 2.84600718258 0.01600000076 0.0163423754275 71.8182830811 10.0616159439
nan 119 31.5 32.4 NaN NaN 2.84276646285 0.00999999977648 0.0173968207091 77.3101501465 10.3293437958
nan 119 33.5 30.4 NaN NaN 2.83224244409 0.00899999961257 0.00965743605047 70.4396133423 15.438337326
nan 119 34.5 31 NaN NaN 2.83537580747 0.00200000009499 0.00227461918257 67.888710022 13.6754207611
nan 119.5 25.5 30 NaN NaN 2.83018643127 0.0289999991655 0.0115068228915 78.6802520752 39.9979972839
nan 119.5 31.5 31.5 NaN NaN 2.83800759772 0.00400000018999 0.00433731079102 73.837097168 11.7921438217
nan 119.5 32 33.6 NaN NaN 2.84929268503 0.00800000037998 0.010379049927 71.8551330566 13.9927196503
nan 119.5 34.5 34 NaN NaN 2.85146640361 -0.0010000000475 -0.00594891468063 64.6765441895 17.8126754761
nan 120 31 31.6 NaN NaN 2.83853201835 0.00300000002608 0.0111038424075 72.2170791626 10.2774829865
nan 120.5 32 30.9 NaN NaN 2.8348502017 0.00499999988824 0.00215477426536 63.9142913818 14.2908773422
nan 120.5 31.5 30.3 NaN NaN 2.83172478053 0.00600000005215 0.00523471832275 66.0000228882 11.8774871826
nan 121 31 31.5 NaN NaN 2.83800759772 0.00400000018999 0.00367323565297 64.5825271606 9.84251117706
nan 121 31.5 33.1 NaN NaN 2.84655529656 0.00300000002608 0.00308842142113 62.4764022827 11.2222919464
nan 121.5 31 32 NaN NaN 2.84063696512 0.00499999988824 0.00464683119208 61.396320343 9.87353801727
nan 121.5 39.5 34.6 NaN NaN 2.85472001439 0.00899999961257 0.0166369546205 81.4791107178 11.695649147
nan 121.5 41 32.5 NaN NaN 2.84330174806 0.00499999988824 0.00529628340155 83.9417495728 11.3919448853
nan 122 37 33.5 NaN NaN 2.84874742608 0.00300000002608 0.00942770671099 74.0373458862 20.020072937
nan 122 37.5 31.6 NaN NaN 2.83853201835 0.00800000037998 0.0134895117953 77.1746826172 18.6222782135
nan 122 41.5 33.4 NaN NaN 2.84820065925 0.00700000021607 0.00942378584296 86.3402328491 13.5666036606
nan 116.125 38.625 32.8 NaN NaN 2.84491693476 0.00868359354718 0.00915956226163 60.2649298813 -8.16811864544
nan 116.125 39.375 37.3 NaN NaN 2.86936287159 0.0248125003418 0.02441546724 58.1167974416 -3.95985645751
nan 116.375 37.625 33.9 NaN NaN 2.85092338564 0.0202304683407 0.0187764987859 63.4239852487 -13.6057722885
nan 117.375 39.625 32.1 NaN NaN 2.84116730643 0.00528515631777 0.00467831487003 65.3133074152 -5.32828499432
nan 117.375 39.875 33.4 NaN NaN 2.84820065925 0.00809375016252 0.0077422527811 64.7046679207 -3.99233952649
nan 117.375 39.375 34.2 NaN NaN 2.85255141609 0.0039648439506 0.00415234266075 65.9327712825 -6.59535534799
nan 117.625 39.875 33.3 NaN NaN 2.8476526994 0.00464843744157 0.0161179531315 66.0598165758 -4.19487123363
nan 117.625 39.625 27.9 NaN NaN 2.81979850395 0.00339453133893 0.00362181750825 66.5880604961 -5.49082509891
nan 117.875 39.625 28.7 NaN NaN 2.82373462133 0.00364453141447 0.00488103441603 67.7513368197 -5.49618464321
nan 118.125 39.625 27.7 NaN NaN 2.81883180509 0.0205312496437 0.0200151406207 68.8095977856 -5.33182432302
nan 118.375 39.625 28.8 NaN NaN 2.82422737191 0.0225351562185 0.023669960472 69.7628433937 -4.99482087596
nan 118.375 39.375 31.4 NaN NaN 2.8374821964 0.00374609392293 0.00441172154387 69.9753741436 -5.94839248806
nan 118.875 39.625 28.5 NaN NaN 2.82274821263 0.0177109376345 0.0191559383893 71.4992936533 -3.79659729871
nan 119.375 39.875 32.7 NaN NaN 2.84437627802 0.014011719315 0.0230941354275 73.3673307318 -1.23797040509
nan 113.5 30 36 NaN NaN 2.86227502415 0.0240000002086 0.0233332309872 103.190925598 -24.7045078278
nan 118.5 31 29.5 NaN NaN 2.82768406344 0.00899999961257 0.0173050556332 81.1948165894 6.21765756607
nan 118.5 37 32.5 NaN NaN 2.84330174806 0.0140000004321 0.0140177411959 69.5910797119 -4.29329109192
nan 119 34 31 NaN NaN 2.83537580747 0.00499999988824 0.0060690776445 69.0243301392 14.9974555969
nan 119.5 34 27 NaN NaN 2.81546646568 0.0010000000475 0.00157356262207 65.5141525269 18.7482242584
nan 119.5 32.5 33.5 NaN NaN 2.84874742608 0.00600000005215 0.00622717523947 69.9814376831 16.1018981934
nan 120 31.5 34.5 NaN NaN 2.85417734588 0.00400000018999 0.00635115290061 69.9117202759 12.2036838531
nan 120 32 37.5 NaN NaN 2.87045266651 0.00300000002608 0.00232675345615 67.7775421143 14.5999040604
nan 120.5 30.5 30 NaN NaN 2.83018643127 0.00700000021607 0.00652472162619 70.912612915 9.36829853058
nan 120.5 31 30.5 NaN NaN 2.83276154809 0.00400000018999 0.00132253440097 68.3344650269 10.1228122711
nan 121 32 39 NaN NaN 2.8785926368 0.00300000002608 0.00353897945024 60.6285171509 13.4494056702
nan 122.5 37 28.5 NaN NaN 2.82274821263 0.0270000007004 0.0103472601622 78.3349990845 21.8473052979
nan 123 41.5 38.5 NaN NaN 2.87588528259 0.01600000076 0.0168647766113 85.6424484253 19.8944416046
nan 115.625 37.875 32 NaN NaN 2.84063696512 0.0227187499986 0.0228023105956 57.4734693223 -11.4261784244
nan 115.625 38.125 33 NaN NaN 2.84600718258 0.0238085939272 0.0235117229095 57.3079680309 -9.80381831917
nan 115.625 38.375 29.5 NaN NaN 2.82768406344 0.0195312494761 0.0200651806736 56.9718681087 -8.19306697918
nan 115.625 38.625 28.5 NaN NaN 2.82274821263 0.014718750379 0.0147883814207 56.5188682454 -6.61978252485
nan 115.625 38.875 32.5 NaN NaN 2.84330174806 0.011800781318 0.0125227703502 55.948968441 -5.0976663981
nan 115.875 37.625 38 NaN NaN 2.87317096739 0.0226835937428 0.0229408260129 59.5718767976 -13.373813412
nan 115.875 37.875 39 NaN NaN 2.8785926368 0.0180039054758 0.018192012205 59.5298979499 -11.9239967324
nan 115.875 38.125 39 NaN NaN 2.8785926368 0.01580078197 0.0169801522643 59.3132673518 -10.4371589272
nan 115.875 38.375 28 NaN NaN 2.82028568156 0.0144531252081 0.0141644908254 58.9219850034 -8.93280395752
nan 115.875 38.625 29 NaN NaN 2.82521289528 0.0107695311526 0.0103950456541 58.4296461574 -7.43696336803
nan 115.875 38.875 32 NaN NaN 2.84063696512 0.00639843761746 0.007231577114 57.8362508139 -5.9591555529
nan 115.875 39.125 40.5 NaN NaN 2.88667376103 0.0198124995222 0.0182891270088 57.1341704912 -4.52081805868
nan 116.125 37.375 38.5 NaN NaN 2.87588528259 0.0253437504289 0.0241967618203 61.5731452461 -14.7748551327
nan 116.125 37.625 38 NaN NaN 2.87317096739 0.019499999471 0.0197111260713 61.5570812195 -13.5695500912
nan 116.125 37.875 39 NaN NaN 2.8785926368 0.0176796877349 0.0178229232042 61.4661881349 -12.2937621876
nan 116.125 38.125 40.5 NaN NaN 2.88667376103 0.0147851560796 0.0147412827464 61.2082661814 -10.9566844061
nan 116.125 38.375 42 NaN NaN 2.89452331281 0.0123437501607 0.0117218642736 60.7833153591 -9.57435381273
nan 116.125 38.875 37.5 NaN NaN 2.87045266651 0.00789062513286 0.00810840699341 59.6531097479 -6.75005108508
nan 116.125 39.125 40 NaN NaN 2.88397889268 0.0134609378401 0.0135454889678 58.9370656013 -5.33954618312
nan 116.375 37.375 33.5 NaN NaN 2.84874742608 0.0251679691501 0.0236444367547 63.4885029271 -14.6032906622
nan 116.375 37.875 38.5 NaN NaN 2.87588528259 0.0155351564354 0.0151951285552 63.2823398772 -12.516837427
nan 116.375 38.625 38 NaN NaN 2.87317096739 0.00774609408836 0.00786428593346 62.0247194171 -8.79023871056
nan 116.375 38.875 38 NaN NaN 2.87317096739 0.00737890652817 0.00670232621633 61.399545243 -7.44555143427
nan 116.625 38.125 40.5 NaN NaN 2.88667376103 0.0128437502426 0.0116883621376 64.6369814405 -11.566475443
nan 116.625 38.375 44 NaN NaN 2.90452936224 0.00917968714202 0.00940716477635 64.1937630225 -10.4630412494
nan 116.625 38.625 44 NaN NaN 2.90452936224 0.00794921912166 0.00689809329197 63.663887382 -9.27748676634
nan 116.625 39.375 46 NaN NaN 2.91365805422 0.0152656251739 0.0169368750576 61.5567246673 -5.3672042308
nan 116.625 39.625 39.5 NaN NaN 2.88129281193 0.0212499997579 0.0211305967969 60.781884504 -4.0105968791
nan 116.875 39.375 35 NaN NaN 2.85689246466 0.0100273435346 0.00975840841784 63.1605801706 -5.91559439155
nan 116.875 39.625 39.5 NaN NaN 2.88129281193 0.012285156401 0.012388392679 62.4166032732 -4.57238748496
nan 116.875 39.875 36 NaN NaN 2.86227502415 0.0203867183664 0.0202552524715 61.6906556818 -3.20913030967
nan 117.625 39.375 38 NaN NaN 2.87317096739 0.00349218760766 0.00326730641336 67.1236349561 -6.69705708054
nan 118.625 39.375 34.5 NaN NaN 2.85417734588 0.00428515638487 0.00456309414494 70.7499341555 -5.33260091743
nan 117 37 30.5 NaN NaN 2.83276154809 0.019999999553 0.0195098463446 67.4872360229 -13.7672300339
nan 117.5 37 29.5 NaN NaN 2.82768406344 0.01600000076 0.0168254636228 69.3031539917 -11.222070694
nan 116.375 38.375 30 NaN NaN 2.83018643127 0.010320312329 0.0102781470814 62.555859176 -10.0915182641
nan 116.625 37.375 36 NaN NaN 2.86227502415 0.0191015619057 0.0188054121754 65.2105418344 -14.2476116824
nan 116.625 38.875 36 NaN NaN 2.86227502415 0.00400000020454 0.00432848684068 63.0473545189 -8.02011778107
nan 116.875 38.375 29 NaN NaN 2.82521289528 0.00950781233769 0.00793521614469 65.6970268989 -10.6714790456
nan 116.875 38.625 27.5 NaN NaN 2.81787213809 0.00682031268661 0.00675764178231 65.1824337761 -9.6135534246
nan 117.125 37.375 31.5 NaN NaN 2.83800759772 0.0154218749376 0.0146939555561 67.9656761033 -12.9672628333
nan 117.125 37.875 33.5 NaN NaN 2.84874742608 0.0122460938946 0.0120805168699 67.6806268888 -12.1334147547
nan 117.125 38.625 27.5 NaN NaN 2.81787213809 0.0050664061182 0.0043871607686 66.4982366564 -9.7775372194
nan 117.125 39.625 34.5 NaN NaN 2.85417734588 0.00784765634307 0.00761085408158 63.927077577 -5.01672642985
nan 117.125 39.375 32.5 NaN NaN 2.84330174806 0.00685546894238 0.00607707850031 64.6192623756 -6.32926362322
nan 117.125 39.875 35.5 NaN NaN 2.85958331647 0.0123671876609 0.0135501973018 63.2520628362 -3.65912623382
nan 117.375 38.625 28 NaN NaN 2.82028568156 0.00231640632683 0.00154536548052 67.611296023 -9.75982624461
nan 117.375 39.125 31 NaN NaN 2.83537580747 0.00294140626647 0.00337243371814 66.5630595225 -7.7677439673
nan 117.375 38.125 28 NaN NaN 2.82028568156 0.00645312512643 0.00639540837801 68.3898746646 -11.1653490349
nan 117.625 38.125 31.5 NaN NaN 2.83800759772 0.00257812502196 0.00394584277547 69.1929538916 -10.6426434981
nan 117.625 38.875 30 NaN NaN 2.83018643127 -0.00933593758054 -0.00620369610442 68.1442101221 -8.74606879166
nan 115.49 37.67 32.3 NaN NaN 2.84223220507 0.0229639680388 0.0239598551307 56.3799075569 -12.5027160051
nan 114.303 22.0602 29.739 NaN NaN 2.82887157174 0.0301034706045 -0.0120716759237 83.3097914778 4.96359125857
nan 113.347 23.0911 28.03 NaN NaN 2.82043230545 0.00242544454804 0.0110643013755 77.9931360681 -4.29788104934
nan 113.566 22.2706 27.031 NaN NaN 2.81561639749 0.0405034584563 0.0225363434352 78.70968752 1.03806630876
nan 110.3449 -5.7987 30 NaN NaN 2.83018643127 -0.00906556527309 -0.0224084154645 82.5813558384 102.52211698
nan 107.65 -2.75 32 NaN NaN 2.84063696512 0.0209999997169 0.0128339128569 49.1862311484 78.5710505247
nan 110.31 1.47 27 NaN NaN 2.81546646568 0.0215637122859 0.0228389351767 48.2179204101 83.9821353031
nan 105.763 18.65 28.5 NaN NaN 2.82274821263 0.00710467623322 0.0209585740176 68.2648809544 -18.6772586044
nan 105.763 18.65 28.5 NaN NaN 2.82274821263 0.00710467623322 0.0209585740176 68.2648809544 -18.6772586044
nan 114.84 -3.46 29.66666667 NaN NaN 2.82851104759 0.0433372168676 0.0243572289271 50.7972299949 78.4839635864
nan 111.67 -2.7 31 NaN NaN 2.83537580747 0.0240000002086 0.0158585093096 79.7690371903 66.5728878403
nan 110.31 1.47 29.625 NaN NaN 2.82830391415 0.0215637122859 0.0228389351767 48.2179204101 83.9821353031
nan 104.77 -2.92 33.5 NaN NaN 2.84874742608 0.00979142375267 0.00736742988274 99.8669892389 98.2048874756
nan 115.17476 5.28108 23 NaN NaN 2.79607166492 0.0184817625297 0.000780248310536 74.2036402896 83.7250015708
nan 115.6083 5.60898 35 NaN NaN 2.85689246466 0.0253653934215 0.00176396059559 71.6914950445 88.4895258439
nan 118.12955 5.64967 45 NaN NaN 2.90924481551 0.00791223415275 0.0146284656899 66.7983681461 89.8190259137
nan 115.59638 6.20282 22 NaN NaN 2.79119523305 0.00808472919252 -0.0224245797982 64.4695142139 83.7981419254
nan 118.01012 5.93328 36 NaN NaN 2.86227502415 0.0107548160277 0.0129376575228 65.4733259227 90.2083491209
nan 118.01012 5.93328 36 NaN NaN 2.86227502415 0.0107548160277 0.0129376575228 65.4733259227 90.2083491209
nan 117.62083 6.37312 27 NaN NaN 2.81546646568 0.0115317974892 0.0150229781979 64.0343570678 91.1845196289
nan 116.35092 6.7095 26 NaN NaN 2.81060080689 0.00222706327374 -0.00857906366178 60.7493626649 88.7304266511
nan 140.4141 -8.5181 27 NaN NaN 2.81546646568 0.00496293583535 0.00391116892782 188.84691772 77.5578368282
nan 110.308 1.473 27.4 NaN NaN 2.81739269738 0.0204022731352 0.0224972706895 48.2202745678 83.9521534983
nan 105.696 18.65 28.9 NaN NaN 2.8247200614 0.0127673604023 0.0165509977108 68.5723664417 -18.6411833543
nan 109.293 13.111 27.3 NaN NaN 2.81691267415 0.0147598507003 0.0176290279265 43.5901711579 19.7451376243
nan 105.646 18.714 29.2 NaN NaN 2.82619983132 0.00566209187839 0.0125796538189 68.2509963293 -18.7148996446
nan 111.66 -2.69 32 NaN NaN 2.84063696512 0.0210536960262 0.0158068932905 79.8448587163 66.5223454784
nan 104.69 -2.9 32 NaN NaN 2.84063696512 0.0143759998456 0.00987065412104 101.534288224 97.9976599808
nan 110.308 1.4733 25.4 NaN NaN 2.80771338299 0.0203838259152 0.0224435513112 48.2172348281 83.9504885865
nan 104.699 -2.9024 30.8 NaN NaN 2.83432586691 0.0127257650117 0.00952897826868 101.353531571 98.0225693403
nan 117.62083 6.37312 26 NaN NaN 2.81060080689 0.0115317974892 0.0150229781979 64.0343570678 91.1845196289
nan 115.17476 5.28108 34 NaN NaN 2.85146640361 0.0184817625297 0.000780248310536 74.2036402896 83.7250015708
nan 115.6083 5.60898 38 NaN NaN 2.87317096739 0.0253653934215 0.00176396059559 71.6914950445 88.4895258439
nan 115.59638 6.20282 38 NaN NaN 2.87317096739 0.00808472919252 -0.0224245797982 64.4695142139 83.7981419254
nan 116.35092 6.7095 38 NaN NaN 2.87317096739 0.00222706327374 -0.00857906366178 60.7493626649 88.7304266511
nan 113.66 -24.89 24.1 NaN NaN 2.80144651562 0.00292543997162 0.00341788454743 130.952896016 7.62017336248
nan 114.29 -26.21 29.8 NaN NaN 2.82917677224 0.0219705599187 0.0231971395054 142.312181294 9.40127081294
nan 115.38 -33.66 34.6 NaN NaN 2.85472001439 0.00658035183007 0.0117673139065 143.496418754 -30.6852962568
nan 116.82 -20.75 30.1 NaN NaN 2.83069625727 0.0312480008006 0.017181654945 155.822261415 3.58493708932
nan 119.303 -20.1677 30 NaN NaN 2.83018643127 0.0162733477465 0.0161027429873 177.034467244 17.9860133795
nan 119.4329 -20.1336 30.5 NaN NaN 2.83276154809 0.0150583488996 0.0190016327204 177.858929787 18.8627404287
nan 119.828 -20.0561 29.2 NaN NaN 2.82619983132 0.02092415625 0.0218439675673 180.17080401 21.3952269746
nan 120.4994 -19.8878 36.5 NaN NaN 2.8649993945 0.0219029376062 0.0214952453375 183.253926941 24.7533568773
nan 120.8352 -19.7403 42 NaN NaN 2.89452331281 0.0115691119664 0.0123394997834 184.062856648 25.9913746131
nan 121.2872 -19.6941 44 NaN NaN 2.90452936224 0.0179321034161 0.0180810510798 185.535696632 26.6618447297
nan 121.3956 -19.4966 40.2 NaN NaN 2.88505803663 0.0173710473745 0.0233269033873 184.379365254 27.3868309301
nan 121.4398 -19.3693 38.5 NaN NaN 2.87588528259 0.0104586077381 0.0135230064408 183.431144285 27.8811729612
nan 121.5978 -19.1209 35.5 NaN NaN 2.85958331647 0.0173525184928 0.0174292210022 181.492415247 28.9730913152
nan 122.0427 -18.3642 39 NaN NaN 2.8785926368 0.0139408564218 0.00985457969915 173.120901336 33.5478542417
nan 122.2308 -18.2531 36.8 NaN NaN 2.86663103717 0.00939021113454 0.0105796400707 171.849626465 34.5459915676
nan 122.3586 -18.1789 39.2 NaN NaN 2.879674951 0.00786064319201 0.0136255861954 171.004440796 35.2245134054
nan 123.5167 -17.6364 36.5 NaN NaN 2.8649993945 0.00942006444281 0.012407579858 166.001118543 40.4431082662
nan 121.323 -19.5782 36.5 NaN NaN 2.8649993945 0.0283604448437 0.0240004156067 184.801736914 27.0745587835
nan 121.5128 -19.2643 35 NaN NaN 2.85689246466 0.018608867683 0.0142484896278 182.676195461 28.3260256016
nan 119.1124 -20.1765 29.5 NaN NaN 2.82768406344 0.0116241078459 0.0119704589951 175.765935349 16.5751025413
nan 119.0905 -20.2984 29.5 NaN NaN 2.82768406344 0.0167247962629 0.0237956030249 175.589716797 16.687312358
nan 119.582 -20.1089 30.5 NaN NaN 2.83276154809 0.00897345211267 0.014008914585 178.773366202 19.8598864336
nan 121.0919 -19.7729 41 NaN NaN 2.88933104601 0.0295634176847 0.0223829014576 185.318202242 26.3187168347
nan 120.6413 -19.7782 36.2 NaN NaN 2.86336411509 0.00844800014 0.00891845019017 183.416942332 25.3834033151
nan 120.0645 -19.9935 28.5 NaN NaN 2.82274821263 0.0119262770279 0.0200979394115 181.364476763 22.7312198059
nan 122.142 -18.3079 35.5 NaN NaN 2.85958331647 0.00914180336313 0.0132255351981 172.482593656 34.0557066351
nan 123.6481 -17.6155 37 NaN NaN 2.86772298493 0.0150140226076 0.019608908101 165.995312391 40.5770886506
nan 122.29 -17.92 36 NaN NaN 2.86227502415 0.0197922567607 0.0175884690757 167.296332141 37.2694996466
nan 147.32 -39.47 32.8 NaN NaN 2.84491693476 0.0818222073443 -0.00163949604396 60.0466908594 13.4151808815
nan 143.98 -39.64 30.5 NaN NaN 2.83276154809 0.0309994879327 0.0140116790271 54.5686884532 0.383754843094
nan 140.000732 -17.998072 34.11 NaN NaN 2.8520633746 0.0271784293146 0.0225971076376 206.838899539 39.9482816875
nan 140.493317 -17.996857 34.686 NaN NaN 2.85518704475 0.016528266659 0.0139120508173 201.670902515 41.5085671527
nan 141.001816 -17.958717 33.1 NaN NaN 2.84655529656 0.0180074469632 0.0204141852037 192.347831593 44.2434540365
nan 130.833 -12.44 37.9 NaN NaN 2.87262701541 0.0148577336741 0.00523908828697 214.161995576 85.380904897
nan 136.783 -12.1874 35.6 NaN NaN 2.86011869489 0.0167390655501 0.00833616193934 198.719657341 68.5517195914
nan 132.473 -12.6869 34 NaN NaN 2.85146640361 0.0168479301841 0.0161951060348 219.653474045 84.1805464079
nan 16.281 58.596 52 NaN NaN 2.93450182517 0.0249584496281 0.0236859751951 256.415729828 -33.0317989649
nan 13.756 53.91 34 NaN NaN 2.85146640361 0.0217938286345 0.0142750408343 156.330161572 -1.50578454015
nan 10.65215159 59.48044417 31 NaN NaN 2.83537580747 0.0652706101849 0.0109724835902 186.097705221 19.2987204768
nan 16.41070529 58.55036657 52 NaN NaN 2.93450182517 0.0211011194395 0.0223973292576 256.397625532 -33.7187926561
nan 9.957979075 54.33579716 26 NaN NaN 2.81060080689 0.00546366927037 0.0171551509539 136.502287101 5.16823315551
nan 11.98495822 55.8149441 32 NaN NaN 2.84063696512 0.015091768904 0.0097498913924 167.237778559 2.09248191722
nan 12.14148171 55.91668437 34 NaN NaN 2.85146640361 0.00748476771612 0.0124915708539 170.313937306 1.64472782777
nan 12.39191928 56.08103403 46 NaN NaN 2.91365805422 0.0105376120288 0.00901740427972 175.573820792 0.796569551054
nan 9.633192841 57.20017695 30 NaN NaN 2.83018643127 0.0109758424695 0.00623461925262 166.979862211 10.3939169857
nan 9.202753254 56.9106085 29.5 NaN NaN 2.82768406344 0.0400636036925 5.70628661501e-05 162.718228644 8.58697999044
nan 8.874053934 56.67582327 29.5 NaN NaN 2.82768406344 0.00987441492237 0.0157521956995 160.353724017 6.79671812306
nan 8.592311659 56.49582126 29 NaN NaN 2.82521289528 0.00575381654039 0.00995691697151 159.064167199 5.22020930274
nan 8.365352604 56.34712395 29 NaN NaN 2.82521289528 0.00459614030319 0.0126542518463 158.383399981 3.85925546149
nan 8.427961998 55.90885819 30 NaN NaN 2.83018643127 -0.00198778254264 0.00723595709962 155.985869573 2.33295829085
nan 9.226231777 57.10626286 31 NaN NaN 2.83537580747 0.00624797297915 0.00514268191941 163.841092615 9.74375853481
nan 9.257536475 57.02800112 30 NaN NaN 2.83018643127 0.00548383158295 0.00733927341136 163.61619442 9.30794124326
nan 9.30449352 56.91843468 29 NaN NaN 2.82521289528 0.014008021731 0.0156508124959 163.24537437 8.72693253305
nan 9.327972043 56.83234676 28 NaN NaN 2.82028568156 0.0226444422536 0.0206539210139 162.82775344 8.2814743833
nan 9.241884126 54.687975 30 NaN NaN 2.83018643127 0.0161735327452 0.018823236708 142.176320709 3.5292921195
nan 9.077534466 54.45318977 29 NaN NaN 2.82521289528 -0.000544249953443 0.00344471269576 139.374460767 3.74571098229
nan 8.224481466 55.55668035 33.5 NaN NaN 2.84874742608 0.00503588653723 0.002992240968 154.107067902 0.824542897238
nan 8.607964007 55.66624679 33 NaN NaN 2.84600718258 0.0126613043986 0.0207802331068 153.916751794 2.23156028496
nan 10.32189618 56.26103604 32.5 NaN NaN 2.84330174806 0.0220653272147 0.0242525743744 162.256095772 6.07885761099
nan 10.76798812 56.40973335 32.7 NaN NaN 2.84437627802 0.018829098078 0.0204528693368 166.848074836 6.01511137759
nan 8.46709287 55.53320183 34 NaN NaN 2.85146640361 0.0250379690734 0.0140805618708 153.185057519 1.56515871464
nan 9.59406197 55.46276626 32 NaN NaN 2.84063696512 0.0238205840181 0.0186206318949 151.189874919 3.94859999781
nan 11.42538676 58.17844874 36 NaN NaN 2.86227502415 0.00162269175043 0.00978210489782 196.054643131 8.99506424604
nan 16.07237251 56.38668628 41 NaN NaN 2.88933104601 0.00260982598033 0.0053905307787 224.673145972 -17.9318982547
nan 16.0886241 56.47607006 42 NaN NaN 2.89452331281 0.0150398886097 0.0145436845199 226.073117681 -18.4937431202
nan 14.04904877 55.4440937 46 NaN NaN 2.91365805422 0.0279225969238 0.0245055183572 184.141578776 -5.87265716685
nan 14.3415775 56.00477377 46 NaN NaN 2.91365805422 0.00799792093816 0.00892411973052 197.181669955 -8.24194243274
nan 12.31964878 54.24623252 38 NaN NaN 2.87317096739 0.00540521368692 0.00696206256598 145.493836869 2.23389299059
nan -0.82677 53.6812 30.9746 NaN NaN 2.83524220728 0.00195396750112 0.00269275970589 191.581522712 4.95008511527
nan -7.748743719 51.94038748 28.72340426 NaN NaN 2.82384996125 0.0124712476541 0.0168904620928 100.080131472 49.7574902716
nan -6.285159803 53.86350293 31.9843342 NaN NaN 2.84055402767 0.0068553734253 0.0100471324192 109.445362497 40.6205925714
nan -2.909890276 51.38437684 31.9486959 NaN NaN 2.84036550734 0.0049067959871 0.00796707754456 170.752772306 21.101519478
nan -2.825593043 51.16581871 30.90385791 NaN NaN 2.83487045833 0.00322473084922 0.0158105485566 171.035607329 20.309981374
nan 12.08 44.283 19.5 NaN NaN 2.77920525018 0.0122481875994 0.0136231870268 123.27646755 14.7816447238
nan 14.524 35.837 34 NaN NaN 2.85146640361 0.038351806029 -0.0249367969361 76.806298745 35.7039867672
nan 18.468 40.072 32 NaN NaN 2.84063696512 0.0897890517885 0.017291144885 181.438273874 6.00920405801
nan -5.38 58.24 26 NaN NaN 2.81060080689 0.0684615704686 -0.0216983739656 117.932372397 30.9578779666
nan -2.17 49.19 30 NaN NaN 2.83018643127 0.0270444805843 0.0207089736681 160.317843715 12.6060932116
nan 4.27 39.9 21 NaN NaN 2.78633621587 0.031575999558 0.00866748745552 73.8642545377 22.4483864746
nan 13.32 54.55 25 NaN NaN 2.80579125631 0.00416000009327 0.0015559005579 160.895284717 -1.74017264104
nan 13.37 54.55 31 NaN NaN 2.83537580747 0.00230400000699 0.0010686930135 161.514356763 -1.9219032885
nan 14.52 35.87 24 NaN NaN 2.80095964293 0.0461925752034 -0.00296589089164 76.688744926 35.9934015471
nan -6.4431 36.9886 25 NaN NaN 2.80579125631 0.00421691365084 0.00639515622636 87.4456997927 21.7898402639
nan -5.9905 37.2103 25 NaN NaN 2.80579125631 0.00975504814014 0.0127631997852 80.154160977 27.9522820272
nan 22.50299401 60.1641791 47.5 NaN NaN 2.91978174431 0.0172566539881 0.0193441187886 236.507989836 -45.5744296609
nan 23.67065868 59.99613242 52.5 NaN NaN 2.93583126351 0.0242635293061 0.0244351951954 234.282308615 -40.1544474242
nan 7.884 54.185 32 NaN NaN 2.84063696512 0.00389120573584 -0.0206283211156 141.003745382 1.3726996329
nan 13.321 54.548 36 NaN NaN 2.86227502415 0.00469053046682 0.00161931023033 160.876449782 -1.74002810244
nan 13.3 54.5 37 NaN NaN 2.86772298493 0.00300000002608 0.00348377227783 159.867252563 -1.57085871696
nan 12.433 55.685 27 NaN NaN 2.81546646568 0.0196677795377 0.0164883489005 169.299645514 0.551868009329
nan 16.499 56.619 38 NaN NaN 2.87317096739 0.0396232317967 0.0244807584633 232.102237624 -21.0666827383
nan -10.0068 54.2277 28.9 NaN NaN 2.8247200614 0.0117572604673 0.00669223502044 86.9310117051 31.7919278107
nan -8.2501 51.7982 31 NaN NaN 2.83537580747 0.0259346479553 0.0116768628221 97.3071578239 50.3759082058
nan -9.3764 51.4965 35.8 NaN NaN 2.86119249668 0.0122372730408 0.0098495873703 95.0974009681 49.8906589111
nan -8.3771 54.9846 31.5 NaN NaN 2.83800759772 0.0527764828946 0.0243072398749 89.0329305842 34.3330897587
nan -1.1921 60.2038 32.8 NaN NaN 2.84491693476 -0.00307373911446 0.0219613328062 125.448596126 7.64953951232
nan 21.61 65.51 43 NaN NaN 2.89961715184 0.0171496318184 0.0228546489376 254.435052772 -33.3771364184
nan 21.38 64.58 44 NaN NaN 2.90452936224 0.0169617926889 -0.00044747071443 250.340059418 -38.7096485286
nan 19.22 63.34 46.2 NaN NaN 2.91450972193 -0.00681695973132 0.00183389993407 239.741724547 -38.5268807021
nan 17.32 60.87 43.8 NaN NaN 2.90356624614 -0.00151289602225 -0.00922134894949 255.093950546 -41.4946329236
nan 18.18 60.39 44.7 NaN NaN 2.90784953395 0.00747379188679 0.00433953062369 257.402206766 -47.7415963878
nan 18.54 60.33 50 NaN NaN 2.9284909114 0.0118062723583 0.00356904719549 256.339909071 -49.2378792323
nan 16.6 57.42 46.7 NaN NaN 2.91659303457 0.0197919993699 0.012875368841 243.387549859 -27.2434836426
nan 17.38 61.69 52.4 NaN NaN 2.93558024385 0.0378293128408 0.0127010458398 245.942727951 -37.879224532
nan 18.04 62.68 40.8 NaN NaN 2.88827269467 0.0453588478053 0.0235175840314 238.000274343 -36.3857797126
nan 19.99 60.18 39 NaN NaN 2.8785926368 0.00393433607829 0.00945724227464 249.056716177 -51.5590834561
nan 17.01 57.29 48.6 NaN NaN 2.9237830457 0.0149288958025 -0.00175255617845 243.973680268 -28.0558427156
nan 47.376292 80.768692 31 NaN NaN 2.83537580747 0.0226220709519 0.0116410566729 154.653652659 -20.35717269
nan -2.171667 49.18833 31 NaN NaN 2.83537580747 0.0266903126307 0.0198410582875 160.285871281 12.6156740456
nan -1.178333 60.13667 28 NaN NaN 2.82028568156 0.00713103225062 0.0118768754088 126.562893559 7.61443437934
nan -5.375 58.23667 26.8 NaN NaN 2.81449732228 0.0562398447031 -0.0186352500167 117.98755259 30.9638625071
nan 6.473118433 52.15409198 32 NaN NaN 2.84063696512 0.0120382957592 0.014799710502 116.615634797 9.04751707894
nan 6.625 58.14575742 28 NaN NaN 2.82028568156 0.0982499972562 0.00876472126586 149.55595853 11.0779557148
nan 22.43233083 60.42253521 54 NaN NaN 2.93904274331 0.0284292450493 0.023443278085 237.170653944 -46.3333554643
nan 18.99 74.502 28 NaN NaN 2.82028568156 0.018649177826 0.0125967312153 193.904760797 -0.753279161492
nan 5.241 59.202 31 NaN NaN 2.83537580747 0.0544967974778 0.0139045619784 130.063360611 14.4014338006
nan 4.761 61.057 32 NaN NaN 2.84063696512 0.024214939702 0.0113287376294 104.926482129 22.4830904104
nan 12 45.28209939 29.46349525 NaN NaN 2.82750328332 0.00296277881675 -0.000300011991952 134.690360782 16.2075821277
nan 12 45.18123393 28.06152934 NaN NaN 2.82058662857 -0.00109171810411 -0.0017526014595 134.03044105 15.6525034965
nan 11.71254816 45.1 33.66236498 NaN NaN 2.84963211767 0.00320006114534 0.00209027645092 129.702508821 15.8656752081
nan 11.9904023 45.1 35.24677374 NaN NaN 2.85822556685 -0.00207032579304 -0.00161576458706 133.281360747 15.2853816068
nan 12.2967543 45.1 31.28575185 NaN NaN 2.83688083989 -0.00173229961415 -0.00372359699847 136.573314947 14.908151938
nan 12 44.84423707 24.48111432 NaN NaN 2.80329735524 -0.00511732933518 -0.00395817092089 130.747880888 14.4488036284
nan 12 44.94884788 23.67889427 NaN NaN 2.79939722897 -0.00414270282776 -0.00358248764542 131.958773702 14.7125612045
nan 11.16 57.32 31.2 NaN NaN 2.83642908378 0.00390969608733 -0.00502791287893 182.655153884 7.65732001413
nan 11.54 56.71 40.4 NaN NaN 2.88613650579 0.0119182717622 -0.00825022842804 177.765058639 4.70065524615
nan 9.9746 53.5656 31.8 NaN NaN 2.83958143044 0.0151373429181 0.0123031117108 123.67439215 8.6661952231
nan 7.8839 54.1847 28.5 NaN NaN 2.82274821263 0.00394907601986 -0.0206622065448 141.000026388 1.37361037351
nan 11.479 53.09 32.7 NaN NaN 2.84437627802 0.0169073658716 0.0249934941983 118.992100253 10.4140154138
nan 13.3664 54.5481 40.1 NaN NaN 2.88451827904 0.00283421359404 0.00126253820071 161.439974907 -1.90518632385
nan 23.8146 58.7144 53.6 NaN NaN 2.938229362 0.00628149895757 0.0107052411734 236.155081606 -34.0197966613
nan 6.668 52.813 30.9 NaN NaN 2.8348502017 0.0177923169441 0.0160031261963 127.219578132 4.98378188896
nan 5.974 51.824 32.9 NaN NaN 2.84546072701 0.00902346484411 0.0204190140689 117.421527633 8.34002304894
nan 16.499 56.619 41.2 NaN NaN 2.89038311851 0.0396232317967 0.0244807584633 232.102237624 -21.0666827383
nan 5.8121 51.5888 24.9 NaN NaN 2.80531113305 0.0289723774931 0.0224337580326 115.96678772 8.85876366867
nan 14.1982 52.6621 30.5 NaN NaN 2.83276154809 0.0022205700051 0.0146292332212 137.495614496 5.60482180687
nan 8.81 53.52 32.6 NaN NaN 2.84383813466 0.00706208037203 0.00606917164141 125.078778041 7.61154333912
nan 13.3214 54.5477 35.3 NaN NaN 2.85851155571 0.00485821165385 0.00163113908774 160.876701662 -1.74091145726
nan 24.38 59.4633 43.7 NaN NaN 2.90308111303 0.0214981502935 -0.00563823027817 234.542311751 -35.4009096544
nan 12.63 56.75 44.6 NaN NaN 2.90737905297 0.00748799989371 0.00543022300861 190.240239517 -0.183138397017
nan 11.815 54.886 30 NaN NaN 2.83018643127 0.00932795109593 0.00584978337088 151.437264403 2.46665068884
nan 11.255 54.887 28.1 NaN NaN 2.8207752303 0.00740716974351 0.00441671841991 148.014881874 3.55505477417
nan 12.905 53.851 31.5 NaN NaN 2.83800759772 0.00260785773925 0.0177787650865 144.717161385 1.75921389496
nan 16.184 43.054 48.8 NaN NaN 2.92448026135 0.167362870137 0.022589299247 140.852206691 40.2713038326
nan 16.892 42.769 40.1 NaN NaN 2.88451827904 0.0420752959945 -0.00674730309176 143.704911733 43.4058453886
nan 19.99 60.18 40.2 NaN NaN 2.88505803663 0.00393433607829 0.00945724227464 249.056716177 -51.5590834561
nan 4.93 60.49 28.6 NaN NaN 2.82324162731 0.0105633917224 -0.00281923262716 109.121683763 21.4595424392
nan 12.43 55.69 29.2 NaN NaN 2.82619983132 0.0180220799309 0.0175606333126 169.352649592 0.563097584946
nan 8.51 58.27 32.6 NaN NaN 2.84383813466 0.0130021121484 -0.00775744651329 158.706101309 17.5516016524
nan 5.24 59.2 30.7 NaN NaN 2.83380308404 0.0548399994076 0.0122300416529 130.101497501 14.3792823639
nan 5.24 59.27 30.5 NaN NaN 2.83276154809 0.0465041916847 0.0242514191264 128.752927292 14.972694033
nan 9.94 58.99 33 NaN NaN 2.84600718258 0.0366855037189 0.0154050874084 175.029351259 20.5457799163
nan 6.62 58.13 29.2 NaN NaN 2.82619983132 0.0611429113861 -0.0150568070203 149.751126122 10.9073533158
nan 16.5 56.62 43.5 NaN NaN 2.9021031433 0.0392880009413 0.0245452049971 232.124035241 -21.0771227722
nan 4.76 61.06 29.5 NaN NaN 2.82768406344 0.0270953600143 0.0121134475566 104.916957534 22.484575818
nan 24.88 34.97 33 NaN NaN 2.84600718258 0.293186564075 0.0190074824408 202.680428895 -40.9726829117
nan 54.45695 43.173 39.5 NaN NaN 2.88129281193 0.00748912565003 -0.00121673282966 177.079733153 1.0762496057
nan -56.14 72.79 38 NaN NaN 2.87317096739 -0.00603571212203 -0.00197594154817 164.414765964 -4.32129332113
nan -51.74 64.18 38 NaN NaN 2.87317096739 -0.0026440960286 0.00476331149999 135.854608532 18.1760547162
nan -37.45 65.62 34 NaN NaN 2.85146640361 0.0019519995004 -0.0112295920551 150.55916417 27.5040289259
nan -56.14 72.79 32 NaN NaN 2.84063696512 -0.00603571212203 -0.00197594154817 164.414765964 -4.32129332113
nan -59.85 43.94 35 NaN NaN 2.85689246466 0.00308000014071 -0.0127849846035 163.351896639 -27.2386590366
nan 22.95 59.77 26.4 NaN NaN 2.81255149146 -0.00236800006032 -0.0146935325786 234.949128348 -42.5884516881
nan 54.58 39.2 42.7 NaN NaN 2.89810407636 0.00416000019014 0.00337570015714 226.310726449 -33.684438385
nan -64.95 47.5 46.3 NaN NaN 2.91493165363 0.0250000003725 0.0153660243377 175.508439789 -37.4404110909
nan -53.55 49.2 41.5 NaN NaN 2.89194541168 0.00899999961257 0.00806427001953 171.65132168 13.8638532758
nan 20.55 63.84 40 NaN NaN 2.88397889268 0.0114640001506 0.0220400230587 245.022836256 -40.4126054363
nan -77.72 34.53 35 NaN NaN 2.85689246466 0.00678489619321 0.00858254138684 162.668565157 -24.8725539316
nan -94.3 29.97 33 NaN NaN 2.84600718258 0.0126640002131 0.0106251232252 145.766043181 -8.19513271403
nan -94.22 29.67 33 NaN NaN 2.84600718258 0.00200000009499 0.00105280644487 149.67497671 -7.29458499126
nan 130.64 -11.42 31.41 NaN NaN 2.8375347849 0.0393231374099 0.0156898527117 224.620847332 93.9708634316
nan 130.64 -11.42 31.41 NaN NaN 2.8375347849 0.0393231374099 0.0156898527117 224.620847332 93.9708634316
nan 34.92 46.45 40.2 NaN NaN 2.88505803663 0.0206079996526 0.0219703053981 209.893281775 1.23276803672
nan 34.89 46.47 40.5 NaN NaN 2.88667376103 0.0260236165403 0.023673221517 209.869002063 1.72161263303
nan 34.61 46.11 39.5 NaN NaN 2.88129281193 0.00554137600841 0.0039130999265 201.609682307 -1.51186637218
nan 34.48 45.67 39.7 NaN NaN 2.88236631148 0.0201558394234 0.0164219498876 193.91274955 -7.50496563439
nan 34.77 45.5 16.5 NaN NaN 2.76604909178 0.0147999997139 0.0160008334592 194.071506335 -12.5836095653
nan 36.25 46.67 39.8 NaN NaN 2.88290284717 0.00621600020956 0.00566636651754 228.300299129 -2.83788909899
nan 45.93 44.46 40 NaN NaN 2.88397889268 -0.00529971192053 -0.00504408505875 216.593886238 -15.4313759382
nan 45.93 44.91 41.2 NaN NaN 2.89038311851 -0.00209049611398 -0.00326598144302 228.349734243 -23.0300165244
nan 45.94 45.36 44.1 NaN NaN 2.90500780508 -0.0098954877615 -0.00866319374323 238.589081811 -29.8811065386
nan 45.95 45.81 45.8 NaN NaN 2.91279714427 -0.0136240003705 -0.0140863800868 246.981880149 -35.7596792035
nan 45.96 46.27 45.9 NaN NaN 2.91322867109 -0.0129344642532 -0.0135429880518 253.608142489 -40.6468700136
nan 45.98 47.17 43.2 NaN NaN 2.90061760366 -0.00179731209219 -0.00250748799221 261.24652423 -46.6032842521
nan -76.45 38.27 25.1 NaN NaN 2.80627159467 0.0295840017404 0.013688064225 150.37775274 -18.5383564665
nan -96.96 28.56 29.94 NaN NaN 2.82988209739 0.0181903359599 0.0140577953392 155.908861214 -18.2897492341
nan 21.93 63.12 41.6 NaN NaN 2.89246241836 0.019426111541 0.0131946857745 245.362030068 -44.7962896825
nan 3.11 39.79 24.4 NaN NaN 2.80290499177 -0.00108659204499 0.0249054336438 71.1351015275 25.2941437547
nan 56.07 41.13 31 NaN NaN 2.83537580747 -0.00503200003085 0.00342073022436 182.446645498 -10.0982623387
nan 56.63 40.98 29.9 NaN NaN 2.82967988097 -0.0261491205609 -0.00557594914521 177.261711677 -12.3439426319
nan 57.42 42.11 36.5 NaN NaN 2.8649993945 0.00200000009499 0.00200201188526 153.966104821 -21.2586391377
nan 54.43 37.76 32 NaN NaN 2.84063696512 -0.00129465606279 -0.00114701649002 193.645647446 -22.7298295514
nan 54.44 38.2 29.4 NaN NaN 2.82718893449 0.00240000006463 0.00125915694144 207.632050136 -29.0224342499
nan 54.45 38.64 32.2 NaN NaN 2.84169910794 0.0183279992789 0.0183891112804 218.508905257 -33.5123705187
nan 54.46 39.08 41 NaN NaN 2.88933104601 0.00906015998973 0.0061560365496 225.840430175 -35.8378934731
nan 54.95 45.62 46.3 NaN NaN 2.91493165363 0.00547199996561 0.00043594024051 225.926449995 -24.5820056896
nan 54.86 46.05 39.3 NaN NaN 2.88021519013 -0.00292000008002 -0.00786826066673 241.997925019 -30.3342835789
nan 54.77 46.48 35.1 NaN NaN 2.85743407274 -0.00366732802317 -0.0101964949338 256.350984445 -35.9800242136
nan 54.68 46.91 36.2 NaN NaN 2.86336411509 0.00541388810986 0.00444966641452 268.210738784 -41.2003669927
nan 56.63 40.98 42.4 NaN NaN 2.89657726881 -0.0261491205609 -0.00557594914521 177.261711677 -12.3439426319
nan 56.07 41.13 43.8 NaN NaN 2.90356624614 -0.00503200003085 0.00342073022436 182.446645498 -10.0982623387
nan 10.5 56.5 34 NaN NaN 2.85146640361 0.0410000011325 0.0151494340971 166.203201294 6.66800832748
nan 12.59 56.14 40 NaN NaN 2.88397889268 0.00361632003056 -0.000316938290771 178.667338898 -0.00540240500105
nan 10.34 57.62 24.3 NaN NaN 2.80241974283 0.0163793926652 0.00346253966168 176.590837072 11.5955481431
nan 28.5 30.1 33 NaN NaN 2.84600718258 0.00200000009499 0.00796996243298 212.157765503 24.1840267181
nan -166.79 68.35 32.22 NaN NaN 2.84180562811 1.45519147972e-16 -0.0102320504412 120.412096341 -38.5965362377
nan -163.02 69.73 27.78 NaN NaN 2.81921727433 0.000440640020928 -0.000581633295382 164.488919776 -35.7427191687
nan -8.7 39.16 31 NaN NaN 2.83537580747 0.00585600007325 0.0241201442927 96.485067911 71.9102302856
nan 12.05 55.63 30 NaN NaN 2.83018643127 0.0391120005548 0.0237134962976 164.848162418 1.79501905515
nan 115.91 30.02 35.5 NaN NaN 2.85958331647 0.0235236493928 0.0212085452456 79.1110557504 -18.0869955142
nan 115.91 30.02 35.5 NaN NaN 2.85958331647 0.0235236493928 0.0212085452456 79.1110557504 -18.0869955142
nan 115.91 30.02 35.5 NaN NaN 2.85958331647 0.0235236493928 0.0212085452456 79.1110557504 -18.0869955142
nan 115.91 30.02 35.5 NaN NaN 2.85958331647 0.0235236493928 0.0212085452456 79.1110557504 -18.0869955142
nan 115.91 30.02 33.5 NaN NaN 2.84874742608 0.0235236493928 0.0212085452456 79.1110557504 -18.0869955142
nan 117.23 37.21 29.3 NaN NaN 2.82669415242 0.0160862088515 0.0155777873383 68.4398422112 -12.679809492
nan 116.86 37.42 30 NaN NaN 2.83018643127 0.0159765767556 0.0163972044445 66.6366993239 -13.6488960239
nan 115.97 37.92 30.8 NaN NaN 2.83432586691 0.017070272804 0.0173655194513 60.2596381866 -11.8261974259
nan 115.79 39.08 33 NaN NaN 2.84600718258 0.0156053122541 0.0169714705905 56.6360963088 -4.4838536323
nan 130.81 -11.84 43.93 NaN NaN 2.90419329361 0.0181573123208 0.0212367876269 219.584224187 93.738170325
nan -111.06 75.52 34.36 NaN NaN 2.85341843945 0.000813760038786 -0.0119993441886 196.307596528 -64.8359674014
nan -116.31 77.03 38.18 NaN NaN 2.87414968028 0.00322745614617 0.00228432088535 206.018604638 -45.2166872638
nan 34.56 46.09 40.52 NaN NaN 2.88678095778 0.00399276795162 0.0055581808331 200.813557518 -1.42886433365
nan 73.33 68.57 36.25 NaN NaN 2.86363677659 0.0275008645004 0.0209936212254 161.300670499 -45.9170685712
nan 75 68.71 38.75 NaN NaN 2.87723888691 0.0115040000454 0.0148314291611 162.646768245 -45.6216357155
nan 76.33 67.86 35.4 NaN NaN 2.85904783265 0.0195579520997 0.021775469381 164.718046842 -45.8684941015
nan 52.42 48.49 35 NaN NaN 2.85689246466 -0.0100580477636 -0.00810522176641 278.139632811 -61.5237896879
nan 50 48.77 31.25 NaN NaN 2.8366925141 -0.00792000044137 -0.00897428913414 264.747440956 -65.8010681229
nan 47.3 48.44 40 NaN NaN 2.88397889268 -0.00468000015989 -0.00657309307158 260.712313082 -57.1193118286
nan 53.7 39.45 41.5 NaN NaN 2.89194541168 -0.0140000004321 -0.0160643253475 231.546479384 -52.9417259693
nan 53.7 39.45 41.5 NaN NaN 2.89194541168 -0.0140000004321 -0.0160643253475 231.546479384 -52.9417259693
nan 47.5 46.75 42.8 NaN NaN 2.89860997551 -0.0170000009239 -0.0161412563175 269.808473587 -54.4223096371
nan 50.3 47.3 41.4 NaN NaN 2.89142665818 -0.019999999553 -0.0204904340208 271.9248336 -57.4031143188
nan 53 47.7 41.7 NaN NaN 2.89297813824 -0.0219999998808 -0.0214998461306 278.578356934 -53.2399177551
nan 79.6 67.2 42.9 NaN NaN 2.89911434774 0.0120000001043 0.0111112594604 173.42162001 -45.7552490234
nan 88.2 22.7 36 NaN NaN 2.86227502415 0.00600000005215 0.00714196125045 142.235224303 -27.4309902191
nan 88.5 22.7 32 NaN NaN 2.84063696512 0.00899999961257 0.00689580710605 139.359928101 -26.9771633148
nan 69.95 72.57 42 NaN NaN 2.89452331281 0.022031999886 0.0212389372587 188.360069403 -50.4060739945
nan 76.47 70.85 40.13 NaN NaN 2.88468018611 0.0169520009458 0.0245340560228 176.574748377 -45.2742244592
nan 33.4 45.2 33 NaN NaN 2.84600718258 0.00300000002608 0.0062565272674 178.876894273 -5.61589813232
nan 42 66.3 38 NaN NaN 2.87317096739 0.0109999999404 0.0123811298981 243.539934448 -9.31980514526
nan 43.4 66 34 NaN NaN 2.85146640361 0.0130000002682 0.0104344682768 241.261250732 -11.1507024765
nan 50.35 47.4 40 NaN NaN 2.88397889268 -0.019999999553 -0.0199442971498 271.647014546 -58.4222006798
nan 50.35 47.4 40 NaN NaN 2.88397889268 -0.019999999553 -0.0199442971498 271.647014546 -58.4222006798
nan 50.7 47.8 38.5 NaN NaN 2.87588528259 -0.0179999992251 -0.0179911199957 271.300178252 -61.6054077148
nan 50.7 47.8 38.5 NaN NaN 2.87588528259 -0.0179999992251 -0.0179911199957 271.300178252 -61.6054077148
nan 51.05 48.2 35.5 NaN NaN 2.85958331647 -0.01600000076 -0.0157122090459 271.800417541 -63.8402056694
nan 51.05 48.2 35.5 NaN NaN 2.85958331647 -0.01600000076 -0.0157122090459 271.800417541 -63.8402056694
nan 51.4 48.6 34 NaN NaN 2.85146640361 -0.00999999977648 -0.00974739901721 272.665166086 -64.7636260986
nan 51.4 48.6 34 NaN NaN 2.85146640361 -0.00999999977648 -0.00974739901721 272.665166086 -64.7636260986
nan 51.75 49 34 NaN NaN 2.85146640361 -0.00300000002608 -0.00313017098233 273.280115128 -64.1293654442
nan 51.75 49 34 NaN NaN 2.85146640361 -0.00300000002608 -0.00313017098233 273.280115128 -64.1293654442
nan 52.1 49.4 34 NaN NaN 2.85146640361 -0.0410000011325 -0.0248989537358 273.095394113 -61.8758125305
nan 52.1 49.4 34 NaN NaN 2.85146640361 -0.0410000011325 -0.0248989537358 273.095394113 -61.8758125305
nan 52.45 49.8 32 NaN NaN 2.84063696512 0.00999999977648 0.00929535739124 271.758223423 -58.1146919727
nan 52.45 49.8 32 NaN NaN 2.84063696512 0.00999999977648 0.00929535739124 271.758223423 -58.1146919727
nan 27.5 45.37 23.1 NaN NaN 2.7965619454 0.0177999994755 0.0182638695091 144.672637111 24.2470163469
nan 27.98 45.25 16.2 NaN NaN 2.76482607473 0.00107200005651 0.00463097297028 148.612842134 20.7268647842
nan 118.11 39.57 33.8 NaN NaN 2.85038020314 0.0100207360656 0.0111251337516 68.8246156126 -5.58983739195
nan 117.91 39.8 31.1 NaN NaN 2.83590224724 0.0132480003089 0.0145587717444 67.6086500702 -4.63022488713
nan -22.6 63.85 15.1 NaN NaN 2.7603971417 0.0450000017881 0.0132717555389 63.42757407 62.4832646847
nan 35.21 30.64 35.1 NaN NaN 2.85743407274 -0.0586926101216 -0.0185083020363 39.7041708213 44.63585665
nan 35.21 30.64 35.1 NaN NaN 2.85743407274 -0.0586926101216 -0.0185083020363 39.7041708213 44.63585665
nan -16.37 22.54 28.2 NaN NaN 2.82126693797 0.00484812836304 0.0135768080466 141.128345853 44.3127197707
nan 37.07 25.5 19.8 NaN NaN 2.78058479949 0.0134240003377 0.0165410925448 58.5912247211 35.5990932522
nan 34.29 26.08 29 NaN NaN 2.82521289528 0.0109361919853 0.000518592006337 79.2923317258 27.7084191598
nan 53.69 39.91 45.7 NaN NaN 2.91236347226 -0.0227457920073 -0.0186229573767 234.582467361 -51.1475080023
nan 28.5 30.99 34 NaN NaN 2.85146640361 0.0265120007545 0.0249591779709 228.005857186 0.0424575124831
nan 34.58 25.62 19.4 NaN NaN 2.77874808768 0.0214231034713 0.00814613925304 72.7221897775 29.3119156829
nan 37.22 21.16 19.6 NaN NaN 2.77966261429 0.00953344007593 -0.00444359313572 52.4405595883 18.4085607489
nan -77.6 34.84 36 NaN NaN 2.86227502415 0.0275520000905 0.022034511745 160.521707507 -23.8715682068
nan -77.41 34.52 17 NaN NaN 2.76811276885 0.00367731217 0.000109642559863 163.170130498 -28.6157471017
nan -76.45 38.27 25.9 NaN NaN 2.81011625025 0.0295840017404 0.013688064225 150.37775274 -18.5383564665
nan -67.13 44.74 34.2 NaN NaN 2.85255141609 0.04147731339 0.00767443555144 133.148464106 -10.6432360153
nan 38.99 -16.99 33.1 NaN NaN 2.84655529656 0.00342054409644 0.00207652680646 159.472567374 -16.3115495758
nan -63.33 45.79 36.9 NaN NaN 2.86717641788 0.0203065596616 0.0100977528714 169.08930578 -24.0210044895
nan 104.92 -2.75 31.9 NaN NaN 2.84010827588 0.00401600019261 0.00507308509946 89.6169957509 97.6377458191
nan 79.96 15.28 42 NaN NaN 2.89452331281 0.0138845443661 0.015784842102 140.643938975 -67.1965678574
nan 80.03 15.56 42 NaN NaN 2.89452331281 0.0139444484515 0.0177104377252 142.50648343 -64.6424662751
nan 69.81 21.56 38.9 NaN NaN 2.87805107201 0.00437183997458 0.00624003142315 100.003223503 -10.9526041251
nan 71.95 22.3 38.4 NaN NaN 2.87534343531 0.019999999553 0.0208780504763 116.486509047 -14.8429678679
nan -7.37 33.71 37.45 NaN NaN 2.87018049633 0.00517484774708 0.0209037783421 91.5798612426 31.4096665411
nan 121.19 31 30 NaN NaN 2.83018643127 0.00337600008771 0.00387093783915 63.3011996545 9.79463798523
nan 121.19 31 30 NaN NaN 2.83018643127 0.00337600008771 0.00387093783915 63.3011996545 9.79463798523
nan -6.23 36.93 30 NaN NaN 2.83018643127 2.41280011463e-05 0.003145466061 85.4979416602 20.6435652868
nan -22.1 64.48 23.2 NaN NaN 2.79705333296 0.00604000033625 0.00277674687887 59.8165559837 65.4549255371
nan 70.12 23.07 39.7 NaN NaN 2.88236631148 0.0203659518473 0.0214994928267 98.428519256 -9.39036393828
nan 73.82 15.48 40.05 NaN NaN 2.88424851367 0.0136972797812 0.0123441657333 148.509972614 -56.9742761792
nan 73.82 15.48 29.5 NaN NaN 2.82768406344 0.0136972797812 0.0123441657333 148.509972614 -56.9742761792
nan 69.78 21.61 36.5 NaN NaN 2.8649993945 0.0059491200431 0.0114443866911 99.782341847 -10.7101742219
nan 76.56 9.21 41 NaN NaN 2.88933104601 0.013037824099 0.014388194187 129.633002587 -70.3736008926
nan 75.42 11.84 43.52 NaN NaN 2.9022014163 0.0332161274861 0.0131912987283 143.04356128 -54.9218716011
nan 76.56 9.21 38.8 NaN NaN 2.87750957857 0.013037824099 0.014388194187 129.633002587 -70.3736008926
nan 80.25 13.07 38.8 NaN NaN 2.87750957857 0.0108159998953 0.00558321823552 127.64479988 -90.6435090215
nan 70.4 23.29 31.09 NaN NaN 2.8358495782 0.022495999828 0.0231951375306 100.401368632 -9.41295970774
nan 70.31 23.4 41.5 NaN NaN 2.89194541168 0.00723200032115 0.0213061194867 99.9073751257 -9.39788074255
nan 70.69 23.74 37 NaN NaN 2.86772298493 0.0148853120089 0.0125355905969 103.773209965 -8.51370996468
nan 70.22 23.88 35 NaN NaN 2.85689246466 0.0226191997859 0.02034069669 99.76393212 -9.53578253418
nan 70.62 23.89 40.5 NaN NaN 2.88667376103 0.0221813758879 0.0186900822296 103.254962042 -8.44472295375
nan 70.59 23.22 45.5 NaN NaN 2.9114894211 0.015298751893 0.0171943526082 101.828701627 -9.46756913874
nan 68.83 23.33 26.5 NaN NaN 2.81303928604 0.0149304317639 0.024907007903 97.8576040377 -9.79640206838
nan 69.04 22.29 42 NaN NaN 2.89452331281 0.0215491837307 0.0153839603589 98.8853708466 -8.57109716169
nan 73.15 21.73 30.5 NaN NaN 2.83276154809 0.0148720002919 0.0246855191141 137.505308756 -21.6506495939
nan 73.824 15.491 39.3 NaN NaN 2.88021519013 0.00588082247989 0.014066930607 148.605299911 -56.8866049773
nan 74.82 12.94 44.5 NaN NaN 2.90690712722 0.0118206085858 0.0163092445842 146.121277673 -56.4963967473
nan 86.47 20.55 39 NaN NaN 2.8785926368 0.00384800016507 0.00482975102961 152.705985465 -6.85804185758
nan 76.558 9.211 39.15 NaN NaN 2.879404557 0.0128680633644 0.0141418750736 129.619645897 -70.3713182771
nan 75.42 11.84 45 NaN NaN 2.90924481551 0.0332161274861 0.0131912987283 143.04356128 -54.9218716011
nan 73.825 15.492 40.6 NaN NaN 2.88720877688 0.00543207593361 0.014315402938 148.621059159 -56.8748258282
nan 72.813 18.896 39.7 NaN NaN 2.88236631148 0.00437774475145 -0.00232424482981 137.729584602 -32.9272845517
nan 86.47 20.55 38.2 NaN NaN 2.87425832462 0.00384800016507 0.00482975102961 152.705985465 -6.85804185758
nan 86.47 20.55 40 NaN NaN 2.88397889268 0.00384800016507 0.00482975102961 152.705985465 -6.85804185758
nan 79.996 15.425 38.95 NaN NaN 2.87832186083 0.0233843927327 0.0179057723309 141.626156179 -65.8601604028
nan 80.25 13.07 39.9 NaN NaN 2.88344029004 0.0108159998953 0.00558321823552 127.64479988 -90.6435090215
nan 75.42 11.837 44.75 NaN NaN 2.90808399758 0.0319651293062 0.0125408894806 143.020653591 -54.9348542488
nan 76.558 9.211 39.85 NaN NaN 2.88317141144 0.0128680633644 0.0141418750736 129.619645897 -70.3713182771
nan 44.98244 12.77592 20.4 NaN NaN 2.78343640697 0.019083580205 -0.00479865159831 53.7466591958 24.0924937891
nan 43.25631 13.31374 21.5 NaN NaN 2.78876205009 0.000533544685662 0.00239299373545 51.8952464239 27.4139965007
nan 43.25408 13.80802 23 NaN NaN 2.79607166492 0.0112987999789 0.0148873757107 50.4279894268 30.7257475522
nan 42.69337 15.70929 13.8 NaN NaN 2.75546824031 0.000995754536682 -0.00174627502044 45.9095133336 40.6049851531
nan 42.11 16.74 14.4 NaN NaN 2.75772230266 0.0163324159585 -0.00680666843407 48.1040821947 40.2523437561
nan 42.1143 16.7392 12 NaN NaN 2.74947853607 0.0165908932957 -0.0073966358499 48.1074482598 40.2919866466
nan 26.0528 39.8417 24 NaN NaN 2.80095964293 0.0261226905973 -0.00467714811905 47.2243719943 110.936782274
nan 27.2977 40.3932 30.9 NaN NaN 2.8348502017 0.0232375014668 0.021727098477 53.4572574256 84.1461464933
nan 34.17 35.53 41.5 NaN NaN 2.89194541168 0.0867411848171 -0.0160942261912 114.043524768 33.0285474751
nan 29.04 41.25 30 NaN NaN 2.83018643127 0.0158879994284 0.015228278324 91.8910500955 37.920408947
nan 27.3 40.39 53.5 NaN NaN 2.93802060936 0.0222959998734 0.0209479369223 53.4068716817 84.2334640999
nan 35.38 36.57 30 NaN NaN 2.83018643127 0.0194545275909 -0.00262676477512 69.6467772354 71.7910268714
nan 26.69 39.31 24.5 NaN NaN 2.8033885267 0.0317829114127 0.0160953377329 37.4835782287 117.668668905
nan 26.05 39.84 21.5 NaN NaN 2.78876205009 0.0315200002119 -0.00506973611936 47.2419093473 110.986868786
nan 27.07 40.42 52 NaN NaN 2.93450182517 0.0228051189616 0.0165875100355 52.6760026859 85.6529951249
nan 28.14 41.07 20 NaN NaN 2.78152339678 0.0192818556873 0.0141466467906 77.3497878713 50.5096725512
nan 53.438 12.655 21.4 NaN NaN 2.78827753152 0.421476142452 0.0146681823406 105.119575848 3.05742528527
nan 54.2339 25.22 31.6 NaN NaN 2.83853201835 0.00764005997888 -0.0220619927569 246.440377789 -55.8868529028
nan 59.4414 21.6855 33.2 NaN NaN 2.84710406654 0.0493969603798 0.0196829465941 115.522894472 13.4218438108
nan 47.6153 30.3581 47 NaN NaN 2.91781273145 0.0117274277663 0.0148784083851 238.331175589 -65.0463744228
nan 47.6191 30.2927 48 NaN NaN 2.92164483781 0.0160163613514 0.0182178679425 239.192695195 -65.2231393112
nan 46.1151 31.7416 48 NaN NaN 2.92164483781 0.0125623906957 0.0103339291988 250.431571171 -61.2667554563
nan 46.1374 31.555 46 NaN NaN 2.91365805422 0.00849738717223 0.00795781553561 251.991119219 -63.405671254
nan 46.2199 31.0514 44 NaN NaN 2.90452936224 0.00598051013562 0.00507427028941 254.505263163 -66.2464171898
nan 166.454 -22.3073 26 NaN NaN 2.81060080689 0.0101900352074 -0.00647437061021 88.9094957537 60.2122816388
