297.65 82.5033 29 0.25059 1.40475
18.73 80.17 31.8 0.169315 0.925282
47.376292 80.768692 31 0.106303 1.49735
273.5842 80.0533 34 0.224282 1.63842
11.9205072961 78.9233216914 25.9622 0.677046 0.513088
15.5623963644 78.3655306061 33.1099 0.62644 0.344806
16.8250436711 77.970120559 33.6261 0.395225 0.734718
243.69 77.03 38.18 -0.363551 1.84
247.75 77.83 36 -0.17438 1.73769
263.5 78.4 38 0.307996 1.10206
18.99 74.502 28 0.359981 1.35807
240.725663597 76.2454421466 34.578 -0.075264 1.18051
245.851227483 76.021523723 38.7099 -0.289198 1.31906
249.207239301 75.2336721775 35.1426 -0.817964 0.720872
251 76.4 38 0.359938 1.09919
265.1 74.687 35 -0.167101 1.68362
24.8766866051 70.7164167482 44.4466 -0.43506 0.910831
69.95 72.57 42 -0.696662 1.21442
75.0860635779 71.2529853183 38.868 -0.198528 0.794874
86.8 70.8 41.2 -0.901941 0.896013
94 72 42.1 -0.421289 1.21751
99.5 73.3 42.2 -0.0132283 1.22187
114.64 71.5 33.75 0.502514 0.980817
125.394250298 71 42.5847 0.473881 0.743346
203.383 71.322 28.5 0.297099 1.38004
242.1942 70.7631 45 -0.629024 2.18494
280.623442527 71.3295366594 42 0.333845 0.986919
303.86 72.79 34.4904 -0.138884 1.17896
334.882 72.88 25.7 0.706998 1.25236
13.1363848346 67.9610416807 21.2721 1.45744 0.458167
14.0941799104 68.4710898785 25.1124 1.06 0.486532
18.9444342386 69.115647841 39.8276 -0.182012 1.11125
21.7076812064 68.2324652428 41.0699 0.128377 0.46932
23.7968760897 68.9603474224 45.753 -0.0543992 0.322456
27.5440030534 69.2416663878 44.1656 0.0456885 0.365549
30.5448168324 68.9631138801 42.9325 -0.0469097 0.289229
32.7695344828 68.6182183631 43.002 -0.0150267 0.359808
34.9630142449 67.6413828105 40.4244 0.328205 0.639206
51.0816786672 68.1 41.3817 -0.282297 0.638259
53.1 68.15 41.6 -0.561104 0.905435
56.998559483 68.4165418839 39.8304 -0.469874 0.500777
60.3 68.6 41 -0.282135 0.894029
73.33 68.57 36.25 -0.264985 1.04873
75.6040956515 68.8548736563 37.2884 -0.0466988 0.540042
78.42 70.25 39.25 -0.508736 1.13407
80.5637560616 69.5752059761 42.8479 -0.216498 0.746582
83.82919104 68.4812032748 42.4926 -0.373809 0.421726
87.490673941 69.9855879308 43.7424 -0.354876 0.654606
89.1325283776 69.2523600299 45.2344 -0.475756 0.793605
110.4 68.1 46.6 -0.222086 1.02113
118.5 69.65 42.3 -0.447461 0.920923
174.54711334 69.1117065999 33.1271 0.0300422 0.555875
193.21 68.35 32.22 -0.497303 0.93746
193.89 68.87 31.11 -0.0425268 0.906387
196.98 69.73 27.78 0.0324924 0.817664
200.413 69.105 39.8 0.0671686 1.91928
203.387 68.713 38.8 0.0458455 1.87326
210.559148662 69.448099086 37.9377 0.0237721 0.771411
215.576393908 69.7992564354 34.6839 0.0166903 1.18751
267.093634198 69.1602115187 35.0005 0.0493259 0.840183
269.938267227 68.0898663864 35.7013 0.0148649 0.973786
276.239526172 69.01938093 39.7379 -0.013582 0.62685
278.238881865 69.5754911609 39.3122 -0.11718 0.656603
287.710280677 68.6624898503 44.0181 -0.063619 0.792501
291.41291 70.47433 34 0.204243 1.12698
11.9692173989 64.530260867 35.3154 0.0179304 0.98672
15.7751894469 65.6550669744 41.6149 0.161164 0.785289
17.872189469 65.0553875475 40.8101 -0.000720332 0.47922
21.0454204056 66.2315586312 44.4065 -0.284015 0.520114
23.8625217412 66.1575593528 40.3398 -0.576178 0.80101
26.7967662483 66.0921774689 46.7225 -0.56895 1.60758
30.2289797751 66.1108119008 45.965 0.0692653 0.432967
33.0478122532 65.1195624674 37.8233 -0.0305944 0.632262
36.3802812752 67.203886165 36.6534 0.534331 0.475246
39.1301556685 66.596201977 36.3591 0.408022 0.745227
42.5422957907 66.0376425618 35.6488 0.204314 0.597015
45.1482302325 65.6739551708 30.5306 0.808385 0.446424
48.0679830799 65.2068119447 34.1389 -0.112051 0.571527
50.6674424043 65.4787285134 38.1531 -0.426709 0.780072
53.72 65.2 35.7 -0.179569 1.03349
56.8262006968 65.170913266 40.0328 -0.773078 0.6682
59.7811334025 66.3036206875 40.1543 -0.755514 0.820162
62.44 67.13 40 -0.823294 1.15473
72.5 64.6 42.5 0.112368 1.2321
75.7 65.7 40.8 0.578913 1.18429
78.0582164698 65.9307515289 33.2362 0.512025 0.689967
80.2827335019 66.6879498736 46.5981 -0.22262 0.818773
83.1 66.5 40.7 -0.0556808 0.88801
86.9308994102 66.9977443068 46.0815 -0.357467 0.569633
90.2144216133 65.3049353323 44.2188 0.122072 0.534318
92 67 49.6 -0.399895 1.09064
100.6 64.95 43.3 -0.195969 0.94516
110.6 66.1 47.8 -0.461004 1.04817
113.4 65.8 46.85 0.193254 1.02547
116.5 65.5 46.4 0.139221 1.01713
120.489254724 65.2554858723 37.1995 -0.0945177 0.506619
192.073 65.56 30.2 0.192632 1.45733
194.856173216 65.2018895912 31.3594 0.257753 0.757498
198.384667743 65.5301422899 29.987 0.28904 0.725361
201.329207147 65.7569362452 34.4993 0.130685 0.833074
203.679383147 65.508950283 31.8756 0.237824 0.769569
207.333944826 65.6945703 30.7483 0.365401 0.860754
210.389748998 65.3749095011 30.6387 0.21968 0.532582
212.575006654 65.1530336423 31.0518 0.413801 0.384687
215.671773907 65.7623195191 31.1594 0.527567 0.617761
218.720205572 66.1257200557 32.1471 0.684392 0.779639
221.691862966 65.3604657416 34.8911 0.617798 1.19101
233.29 65.29 27.75 0.588708 1.34845
266.941840704 66.8342290221 38.8304 0.192616 0.750488
268.921722631 65.2147226309 36.3679 0.123166 0.991989
273.629067294 66.6531345887 37.8365 -0.111488 1.03181
275.885323463 64.5767776611 37.7358 0.130824 1.03113
287.565775142 64.6633352671 43.8039 0.0184064 1.20223
294.288326182 66.1433398932 35.0021 0.361672 0.955964
295.55194 65.68613 34 0.540309 1.12608
322.55 65.62 34 -0.130966 1.64018
336.611519714 65.8513376168 25.9936 1.15448 0.325992
338.610200557 64.9532168011 27.0122 0.691653 0.134447
342.924303214 65.5672934582 24.0332 1.29408 0.0596618
343.891405404 65.5984366864 26.4907 0.967282 0.10902
6.42687791156 62.2357190937 36.5989 -0.0417193 0.380526
8.73646948632 62.3426219731 36.7988 0.604137 0.213781
11.7934877891 62.8324997457 41.5212 0.146133 0.4863
14.8532244424 63.5988548073 39.2539 0.00107681 0.480232
17.8764771198 62.9707983035 45.0013 -0.415831 0.499263
20.5870678446 63.8206646525 38.7912 -0.108356 0.539795
23.9808746776 62.6113173563 40.294 -0.295501 0.56927
26.5227386909 63.3417412557 45.2181 -0.539559 0.733881
29.650580571 63.0783487284 47.8599 -0.605681 0.677054
32.5408447189 62.9783030632 39.7024 -0.444716 0.74673
36.2 63.2 40.8 0.279172 1.18117
40.4 62.8 42.6 0.134162 1.23664
44.3 62.3 38.5 0.141461 1.11287
48.0219760721 61.6867410409 39.7758 -0.252875 0.813373
51.2671850213 62.8702741137 39.8173 -0.481259 0.814854
54.3272707827 64.3127264365 41.7173 -0.744666 1.03418
63.1714071055 63.6325217837 41.3233 0.113686 0.846435
66.2967483026 62.6947735672 37.1009 0.0609016 0.620656
69.1110345842 62.9923523599 38.7705 -0.0498547 0.792871
71.520037802 62.0376924593 39.0477 -0.247755 0.798687
75.2029271857 62.1208825065 38.7434 -0.0602357 0.477522
84.6 63.3 32.6 0.344912 0.712356
93.2792131526 63.3633681157 43.5773 0.0988212 0.439321
95.4092842523 62.9494670722 41.4446 0.0341668 0.478702
99.2 64.25 42.5 -0.0190915 0.926354
102.7 64.2 44.6 -0.258307 0.974602
109.8 63.7 43.7 -0.20416 0.953871
114.45 63.2 42.05 -0.0683738 0.916612
116.8 62.9 41.1 -0.168371 0.896531
120.6 62.3 40.7 -0.287881 0.886499
123.05 61.75 44.8 -0.187742 0.979792
128 63.2 38.8 0.0637524 0.84632
191.03 63.3 23.3 0.910968 1.14501
195.895894219 62.3416621438 30.8 0.13316 1.05108
198.908642549 62.7789713152 31.7731 0.181716 0.767612
201.229307417 62.5094673507 32.7024 0.130063 0.788451
203.981362607 63.0000478194 34.1277 0.209694 0.82356
206.854574712 63.7107950256 31.7255 0.321202 0.766256
209.013 64.1 33 0.183528 1.59271
212.269388701 63.8818800442 29.8499 0.539693 0.84238
215.273529366 62.4207435383 35.9623 1.03677 0.599386
218.760874211 62.5609469052 31.3685 0.984461 0.574073
222.080590141 63.5066759381 32.3823 0.972471 0.524564
224.11 63.6 33.25 0.562078 1.60467
226.930196428 61.6616015308 36.342 0.74129 0.721671
242.834880609 63.1074933321 32.8134 0.0681968 0.460946
245.055330035 62.6485483647 36.2796 -0.114488 0.342444
263.997267094 64.3186661325 35.701 -0.00829838 0.97392
268.048617293 63.0694098543 38.7396 0.0545892 0.647005
268.791926163 63.2501141125 39.8027 0.108695 1.08756
275.862274999 64.0011347209 36.1385 -0.19447 0.698241
278.923638561 62.5779368155 36.6232 -0.0129528 0.70701
282.473136128 63.3126593418 37.4424 0.0170084 0.590065
288.0517 61.5849 48.6 -0.718623 2.36155
291.237261128 63.6022846079 44.4814 -0.306386 0.872362
293.247548608 64.1602862357 44 0.892515 1.0348
308.26 64.18 38 -0.351699 1.82825
337.4 63.85 15.1 2.34128 0.503334
338.627175239 63.9878485921 18.3155 1.89308 0.208354
342.27794992 63.9895687228 28.3083 0.856315 0.118196
344.397360397 64.3638791753 29.0234 0.727519 0.39049
353.236637757 61.999555165 29.3067 0.307643 0.80307
-1.18418323988 60.1651966654 30.0397 0.199488 1.03033
6.25981561647 60.4159062296 32.9915 0.424189 0.14819
9.11819536531 60.2288274993 35.9074 0.366865 0.178233
11.6725646191 60.2676707148 36.1639 0.159798 0.229812
14.8745169773 60.1065027579 42.4908 -0.204094 0.503252
17.09208881 60.2872751761 45.4182 -0.668332 0.474351
19.99 60.18 39.5822 -0.425624 1.3505
23.1098224895 60.4630761594 37.3675 -0.479564 0.470676
30.317 59.767 48 -0.752745 2.32299
36.14076785 58.7184643 42.2185 -0.107089 0.687564
39.2102401997 59.5033693923 42.2651 -0.42288 0.460863
40.8312488334 58.700541661 41.0186 -0.0751894 0.516376
45.0829394908 59.6072798679 38.9266 -0.556036 0.649701
47.45 60.96 38.04 -0.349438 1.10129
51.2 61 40.3 -0.0493328 1.16617
54.6 60.2 42.2 0.297297 1.22361
61.041724048 58.9881772114 43.537 -0.624382 0.89031
63.5 60.6 39.6 0.299165 1.14683
72.7165886023 60.3301720914 37.4976 -0.042743 0.630457
75.0910172782 61.0129985776 37.5031 -0.0540886 0.767461
77.3448704267 60.3179866321 39.3245 -0.148508 0.657567
81.0208337798 59.0067113366 37.3271 -0.228729 0.540174
84 58.6 37.5 0.0518317 0.818063
87.47 58.54 46.7 -1.55218 1.35379
96.4714108111 61.1408127983 42.6207 -0.110339 0.580178
98.7182224546 59.6611276308 41.5446 -0.243257 0.500009
104.589853313 60.9 43.4468 -0.231505 0.67036
108.5 60.8 40.1 -0.0821968 0.872733
110.2 60.7 39.6 -0.0077677 0.861966
113.8 60.4 41.6 -0.295788 0.90758
115.9 60.3 43.4 -0.2986 0.947405
159.9 58.7 31 0.257252 1.49722
193.799 60.385 35.6 -0.206158 1.71823
198.321412826 60.4417259599 32.3963 0.0497998 0.700887
201.099551751 60.1235881052 33.9388 0.157802 0.819826
204.247316746 60.1420079638 34.1713 -0.00753382 0.460661
206.539903448 60.1433697451 35.5899 0.221294 0.769871
209.503946389 60.399687968 38.6153 0.167095 0.635324
213.178583649 61.1512450635 31.6541 1.32117 0.569947
215.282513789 60.929784561 33.0668 0.899844 0.250841
218.725777709 60.4987568785 38.5289 0.916434 0.498518
221.852562364 60.655260123 34.173 0.806859 0.626004
224.626168607 60.2032928953 34.8222 0.665064 0.604546
227.286206869 60.3809388154 33.1332 1.04367 0.570014
230.995869421 59.5552303422 34.7432 0.701703 0.398847
232.911965845 59.65 34.8381 0.368658 0.865802
237.1 58.8 41.2 0.0516499 1.19051
240.557633542 61.1297993492 33.3246 0.227802 0.514162
242.282405493 61.3277357749 34.1447 0.144799 0.526604
249.24 60.63 34.5 -0.469343 0.752877
265.921820808 59.9629891602 40.9621 -0.413499 0.791434
290.0088 60.022 41.8038 -0.466007 1.44066
294.069510305 58.6940257615 37.5637 0.129394 1.24323
356.21172113 58.6449957837 27.1322 0.704774 0.49529
7.0182685505 58.2722278673 32.2217 0.104887 0.473512
9.17777283321 56.5953157985 30.9167 0.194953 0.170243
12.2248797396 56.7202591334 37.972 -0.205207 0.257972
14.8011296114 56.8357685712 41.3147 -0.336588 0.300718
16.648479296 57.2238731997 46.0939 -0.701169 1.1207
21.8697714089 55.9567408831 44.2366 -0.675971 0.692245
23.6339800531 55.6348278472 46.3584 -0.636237 1.12496
26.9197861197 58.3504867599 44.9064 -0.613085 0.824205
36.3396899893 57.4052885111 35.5523 0.0119946 0.455923
42.2453737481 57.7680107982 43.0788 -0.654124 0.433746
44.1667128058 56.8000173022 49.1 -0.550974 0.622849
57 56.7 39.5 -0.174195 1.14023
58.56 56.43 39 -0.127539 1.88078
63.3 57.4 40.8 -0.292905 1.1803
66 56.3 39.8 -0.374426 1.14931
69.6075702155 55.8436914871 35.4874 -0.146173 0.727297
70.8 57.3 41.2 0.147338 1.19522
83.7641484146 57.8658458424 38.3001 -0.0940174 0.49092
87.6651897719 55.9301831846 45.9776 -0.0371401 0.945088
100.2 58.1 38 -0.172061 0.826328
102.007218826 56.4586353543 41.4153 0.0423244 0.393517
105.245693517 55.8342735236 41.3167 0.196641 0.422018
107.595967316 55.930268212 40.4059 0.224718 0.549536
111.028779565 55.9 46.0487 0.179739 0.582075
114.076113096 56.053712666 45.035 0.640285 0.413682
117.100220034 56.1406364996 46.3381 0.210188 0.448578
118.9 55.6 45.5 0.673906 0.994683
157 57.1 38 -0.252403 1.83413
159.669569761 56.029909288 28.7184 0.992995 0.46122
161 55.73 26.92 1.71097 0.622302
204.113 58.264 31.4 0.611133 1.51691
205.816 56.559 30.6 0.218281 1.47774
225.615204 58.275799 28.5 0.699128 1.38116
229.164933397 55.9300230757 29.2993 1.3117 0.496152
230.039774483 57.4348509337 36.7579 0.773621 0.350996
240.718461878 56.3267861426 38.8098 0.553134 0.561999
242.882220939 56.4621637397 41.9865 0.394833 0.703608
272.348 55.987 40.9 -0.485532 1.97325
281.235374382 57.3382768198 38.5249 -0.16253 0.766337
297.262620971 56.4829516164 36.5831 0.172195 0.54789
298.5 56.4 33 0.555307 0.959212
354.904747656 57.4715320051 28.4841 0.561529 0.274947
356.149964782 57.0660324494 29.7561 0.669574 0.207363
-0.974657106083 53.0624894429 33.1979 0.12504 0.460572
6.668 52.813 30.9 0.118425 1.49171
9.46271641165 53.5459054236 29.2869 0.133975 0.261675
12.2581541266 54.1705611127 32.4156 0.0458621 0.383337
15.2731491484 53.6284349973 31.7812 0.145035 0.307082
17.8298998059 53.1825557427 38.5403 -0.324617 0.357517
21.0870541383 53.8256885321 41.6179 -0.444346 0.408923
23.2566400359 54.4822805565 43.4594 -0.566372 0.437299
26.3676565046 55.0216091764 47.192 -0.601082 1.62476
31.081 52.603 45.7 -0.5698 2.21096
36.569 55.114 49 -0.68535 2.39013
39.7376890891 53.5068477193 46.6416 -0.864677 0.666765
41.2539657725 53.7446458103 44.8589 -0.70772 0.55419
51.7644798859 53.5484953161 36.7627 0.309274 0.371971
53.9981008602 53.6298426311 36.9385 0.270758 0.437863
55.8 53.91 46.7 -0.891595 1.35529
60.33 54.78 38 -0.205317 1.09755
63.0589333241 52.8588681499 41.7746 -0.901007 0.787924
65.8 53.8 40.8 0.000512005 1.18223
68.5098267298 54.7604786275 42.3346 -0.263959 0.708684
71.9210325491 53.4386073692 46.393 -0.688006 0.951339
78.18 55.2 36 0.0658225 1.0423
83.45 53.21 40 -1.07485 1.15574
86.9818540972 53.0351777484 45.18 -0.255015 0.493969
89.7181406182 54.0260059462 46.9664 0.142653 0.474894
92.9368271117 54.2946738616 48.1763 -0.00421278 0.560491
95.8209202051 54.8592283015 46.1424 0.416465 0.506071
99.1090765139 55.2729372185 43.6095 0.32565 0.550137
101.678927082 55.4294812758 41.1921 0.36046 0.560708
104.492527234 53.2316764655 38.0484 0.252133 0.356766
109.35 53.4 45 -1.0228 1.30393
112.141631604 53.043944234 42.3283 0.69137 1.05041
113.502530758 55.2924582617 35.7634 0.616816 0.888953
122.596608546 54.7924867581 39.1752 0.261183 0.529683
126.239573394 54.1786201158 40.1756 0.0635492 0.481018
128.416669615 54.5972217308 43.0833 -0.0882565 0.665025
132.386244701 54.0124630767 39.0773 0.171847 0.426234
135.116391391 53.4961069168 38.7533 0.321055 0.42205
138.008093785 52.8173457164 34.5669 0.151416 0.376925
157.2 52.7 35 0.213651 1.68332
158.195126399 53.6478647728 26.7854 0.771784 0.521726
193.498 53.8465 41.6 -0.352254 2.00727
195.544768893 54.6618015181 28.0461 0.645368 0.475426
196.913921677 55.0497203153 36.2637 -0.413793 0.902658
199.5234 55.3493 38.5 -0.35889 1.85493
231.5 53.01 30.39 0.609664 0.88634
236.81 53.01 35.6 0.733629 1.03145
241.012560956 55.2901137349 37.651 0.607954 0.630361
242.774765524 55.1217778401 41.8816 0.122873 0.606541
246.650035685 53.2203568532 37.1903 0.56296 0.642075
248.783562339 52.819036729 42.3911 0.611453 0.86828
253.31 54.14 42.8 -0.428168 1.04596
254.966974453 53.3449781571 43.1387 -0.545897 0.371986
257.966256466 54.3605659301 35.4246 0.0348757 0.465728
270.175367399 53.0432963856 39.587 0.0342092 0.709841
275.521512294 53.8171080908 40.0219 -0.159348 0.775471
282.119434593 53.9608691449 42.722 -0.130045 0.83237
287.878141779 52.9147337709 43.3788 0.443229 0.868636
292.253225119 53.8028648169 41.9387 0.359768 0.865812
293.143555236 53.4784971429 42.2397 0.546393 1.16336
300.816792411 55.0923204633 38.1008 0.116604 1.28106
351.341555206 53.4960376118 30.8067 0.221166 0.24259
353.856458347 53.8471077849 29.7843 0.408451 0.27674
357.341919533 54.2079944758 32.2995 0.277309 0.221413
0.106738612963 51.4950933827 34.8981 -0.0775898 0.553348
4.36 50.79833 30.6 -0.0896201 1.01607
6.61864162353 50.4527353502 29.7543 0.545336 0.149051
9.19278621613 50.8693477445 28.0173 0.610335 0.115472
12.1395612828 50.5422925022 29.6207 0.619286 0.119328
15.0547471443 50.7536599077 30.9673 0.430407 0.163199
17.847705127 50.8770389137 32.9083 0.203493 0.251574
20.8252936398 50.8773665667 36.4476 -0.0278388 0.349492
23.1978298834 50.1540165992 22.9376 1.12495 0.438603
26.1 50.39 48.3 -1.1315 1.40463
29.33281863 50.4216410298 36.3154 -0.0752308 1.01269
32.2354020527 50.7803006043 47.5093 -0.664856 0.691628
37.98571614 50.3178914944 42.3905 0.160083 0.615878
51.9833934748 51.3609412328 36.943 0.0556456 0.44746
53.336345834 50.8985903586 37.7492 -0.0178771 0.466045
63.5 52.4 37.2 -0.404833 1.07716
67.9 51.8 44.2 -0.370142 1.2771
72.55 50.05 42.5 0.0683854 0.959925
75.1 51.5 48.7 -0.636512 1.41252
80.751663415 50.9507128921 49.7995 -0.419577 0.775038
84.7092118586 52.3515353098 49.027 -0.708957 0.761755
106.28 51.41 40 0.679202 1.15717
107.736159242 51.8089428742 37.5164 0.477781 0.469601
110.449732697 51.6553266107 42.8924 0.329018 0.622163
113.5 51.5 38.4 -0.42182 1.11138
117.44 49.55 35.05 0.526958 1.68945
120.981558746 51.1054347313 37.5327 0.504063 0.683766
124.035220535 50.2869248084 33.9346 0.345719 0.943974
126.64798459 50.7886794239 34.0116 0.16613 0.670837
128.918441239 51.3770601232 35.604 -0.224218 0.59562
140.323766369 51.9287014785 35.0246 0.0481122 0.515343
143 50.5 36.7 -0.00798193 1.76698
183.3158 51.8823 36.8 -0.147226 1.77416
185.8045 52.2027 43 -0.461265 2.08169
237.04534211 51.905502011 30.0311 0.858421 0.456413
239.642357578 50.3894894031 32.1753 0.859495 0.412017
241.7544186 50.4248921995 34.3835 0.749077 0.578538
247.006603932 50.678140102 44.4087 0.308636 0.743084
249.059719656 50.8776558697 46.8075 -0.0257817 0.397278
251.521758379 50.1896842569 45.6816 0.0843412 0.864784
255.264092775 50.9063600497 44.2014 -0.36959 0.467432
258.114140296 50.2836389223 43.152 -0.336441 0.364442
260.417501455 50.7021094022 36.9631 -0.10469 0.43395
263.442193208 50.3356494767 23.2469 1.04119 0.303234
266.572871711 50.1687282242 33.9977 0.678158 0.375578
269.618027133 50.9466206806 40.7239 0.273205 0.31947
273.015999149 50.2148946466 35.4723 0.688494 0.607204
276.528644616 49.7761015383 43.0893 0.453444 0.753377
280.2365 50.0244 39.9616 -0.162993 1.3664
282.538161307 50.5850564329 34.5321 0.0884256 0.961116
285.099511197 50.238463117 34.081 0.705316 0.425952
288.89 51.52 39.7 -0.0292369 1.14753
290.64 50 41.8 0.5127 1.21152
292.985756037 50.1406089311 41.761 -0.26569 0.718573
297.1898 50.2872 38.6 -0.383573 1.85789
351.102992417 51.9182800194 31.2148 0.228691 0.360607
354.656131015 50.7455631797 28.4531 0.343444 0.339912
356.746288416 51.2719572603 32.3963 0.220857 0.281246
3.86113053915 47.0370959598 30.8194 0.453975 0.373543
6.23819325006 48.0902128986 27.824 0.743956 0.142555
8.77898435002 48.6967894813 25.4674 1.01667 0.106738
11.7021655132 48.8775296244 28.7658 0.785326 0.175778
14.8439000608 48.9011235264 35.0686 0.383167 0.233436
16.6520147445 49.3055303542 33.8763 0.295892 0.943968
27.7430638451 47.8989888113 39.8218 0.148629 0.546565
30.8354119277 48.5350275347 45.1023 0.461637 0.604893
32.1935130819 47.9449103831 44.512 0.688141 0.918678
35.9648829753 47.7380818993 36.0841 0.665937 0.305052
37.9466668949 48.6166665525 40.3444 -0.0691165 0.827524
45.98 47.17 43.2 0.451903 1.25656
47.4416591154 47.2429804752 41.9832 -0.951938 1.04236
51.0001177423 48.3160970812 35.9912 -0.455053 0.323533
54.4254766979 47.5050051636 38.3113 -0.1987 0.454019
56.2754054121 48.1807827354 39.7904 -0.133077 0.749217
59.94 49.26 43 -0.354996 2.08249
72.5 47 43.3 -0.187976 1.25318
75.3417763612 48.6179769987 47.8243 -0.0672303 0.982624
86.5 48 45.9 -0.208513 2.22062
89.73 46.67 26.5 1.70314 0.586282
99.1299449405 47.5759555283 47.819 1.62574 0.671113
101.510495588 47.2543023524 45.2388 1.31492 0.586431
105.047475246 47.829099058 44.346 0.575347 0.520819
108.110324536 47.2838804294 44.1092 0.804317 0.570847
109.8 46.9 42.4 0.591574 2.04913
117.192787443 48.4013042769 33.7092 0.544053 0.616685
120.315137366 47.7804119542 36.5869 0.621543 0.29578
123.040059315 47.583257803 35.0724 0.229838 0.284813
125.974363415 47.543595316 32.5818 0.208771 0.346078
129.037504227 47.4867645225 32.8949 0.265612 0.307462
131.669152194 47.2802806871 33.3695 0.0792011 0.36399
134.161671627 48.162739767 32.2378 0.0564089 0.636117
137 47 30 1.3475 1.44816
142.33 47 27.65 0.204657 0.814909
237.892250769 47.9947057714 31.7142 0.656491 0.239494
240.127686586 47.7278792634 33.5092 0.781659 0.208012
243.023704323 48.2859765712 32.9665 0.827888 0.234417
245.517459312 47.7097022967 35.2807 1.03742 0.492926
249.073837251 47.8875871838 37.5798 0.93244 0.316633
252.10603573 47.5824251277 43.2274 0.250198 0.334923
254.832890067 47.9976544427 44.5544 0.119941 0.316907
257.933890518 48.1247306882 42.9661 0.0522443 0.397114
261.161283138 47.5792315749 37.3414 0.195924 0.443146
263.983718496 48.0075998988 37.1436 0.0339978 0.416217
267.047119729 47.4427931165 40.6732 -0.0509931 0.43352
269.559597029 48.4943453384 42.6342 0.181565 0.471092
272.436330097 47.8347639992 39.3156 0.252589 0.743247
276.89128429 48.3745553504 44.1672 0.646222 0.437827
278.819965785 47.8345779254 39.0746 0.367084 0.232358
281.918277557 47.6756649599 37.6366 0.0490704 0.246938
284.352120211 46.8833413345 37.3183 0.22071 0.463441
287.981606433 48.1219343943 35.6587 0.522338 0.326366
290.784708053 47.175677727 36.7096 -0.0814504 0.398333
294.589844626 47.407421664 40.8688 -0.185048 1.02993
299.3255 46.8084 42.6 -0.210556 2.05946
302.88748062 48.7801318411 35.514 0.0402748 0.305274
304.964647348 48.5576296735 33.8186 0.230763 0.402715
357.36225996 48.4069134085 31.056 -0.00273964 0.687948
1.0354253101 45.1812741899 28.2482 0.454654 0.431743
3.22212785532 45.379744354 28.0388 1.00086 0.142243
4.91654584597 46.0857997053 29.7904 0.458495 0.721667
12.2132790753 44.6211535851 28.9302 0.407082 0.402657
24.392530391 44.3255026992 30.9281 0.277601 0.475622
27.9640502027 45.2461918802 24.0986 1.03164 0.273942
28.6057006997 45.020617259 31.0767 0.16447 0.645123
34.0112696412 45.2854349143 39.2306 0.330238 0.514188
34.7029889674 45.6981171275 26.8826 0.764836 0.368673
39.6986633527 45.4036257387 40.1511 -0.547399 0.994711
43.1 46.1 44.4 -0.919393 1.28604
45.6860995721 44.743981483 41.4646 -0.139389 0.426719
54.9239707893 45.0903812685 38.5442 0.0461842 0.404163
69.4838071899 45.1558714599 42.5684 -0.703595 0.871439
75.5555913374 44.5387160656 46.527 -0.983389 1.03117
77.9342657476 45.3406428055 44.871 -1.06308 1.11596
86.2 44.8 49.3 -0.506092 2.41234
90.73 46.49 45.48 0.749843 2.21177
99.6336767347 46.2410931889 46.1078 1.38088 1.58297
101.089837028 46.1188810657 46.4785 1.267 0.853975
105.741153276 45.703425881 43.9622 0.749226 0.672224
108.002792942 45.3634142131 42.4599 0.66045 0.54838
111.101171608 44.2154859282 40.6016 0.523332 0.566245
114.209981956 43.8514618013 38.0475 0.736479 0.55298
116.959752222 44.4761356781 38.0214 0.669505 0.245249
119.907977244 44.628026048 35.5937 0.430644 0.213189
122.434991946 44.9396218794 33.2279 0.158282 0.305241
126.268689757 44.9851208708 30.8248 0.375594 0.214227
128.748516782 45.0816194337 33.6871 0.341722 0.244753
131.171923771 45.3638380704 35.981 0.0809998 0.363043
134.489379116 44.9373742675 28.6317 0.587561 0.987254
136.75 45.5 34.5 0.360436 0.999638
237.806151643 44.742280918 37.3082 0.688803 0.346577
240.020495337 44.6350269825 32.7952 1.0835 0.138699
242.992436799 44.8070922482 31.0886 1.41481 0.161607
245.763070115 44.8213531542 36.1886 1.79639 0.220708
248.952942842 44.9460386564 39.8995 1.58025 0.23565
251.767875875 45.3180370488 42.0827 0.817889 0.261691
254.536030821 45.2874639198 41.5224 0.683597 0.237215
257.759652349 45.070278732 39.4256 0.410211 0.420537
260.852817164 45.0223585539 37.5797 0.214893 0.489922
263.811753927 44.8557244148 41.041 -0.0915954 0.448915
267.136603471 44.9705301876 42.3005 -0.317255 0.516636
270.324230436 45.1548007418 40.8974 -0.22747 0.35674
272.856625706 45.0851478232 36.8324 -0.167681 0.448149
275.859393423 45.0100360178 36.754 -0.00666686 0.459405
279.223397861 45.2762434182 40.9429 -0.139722 0.292146
282.146085817 45.1008352694 40.0199 0.0822316 0.209504
285.082713077 44.8115773136 39.0571 0.152529 0.215601
287.947672491 44.6781970215 36.8615 0.333335 0.28432
290.686032991 44.8907599358 34.2415 0.137159 0.208146
293.714067819 45.1845113277 37.1268 0.170654 0.525552
296.53172833 45.1818685285 35.8445 -0.205021 1.22091
299.362120835 45.5774184389 38.035 0.163637 0.946419
0.145708278665 41.3752286287 30.3616 0.700133 0.323864
1.8665413522 41.8420801721 23.5493 1.07546 0.840141
9.11214734016 42.1289939776 30.3459 0.672817 0.43582
13.0837207159 43.4019126694 38.4031 0.0779227 1.08417
15.2733694144 41.7113121706 30.6321 0.575993 0.289231
16.7638868569 40.9854166822 29.4636 0.857047 0.601824
23.4107418417 41.5765549057 34.5653 0.520143 0.749534
27.220953798 40.986114206 30.8021 0.291311 0.28848
29.6023046436 40.9671059217 31.9683 0.183023 0.283376
33.4622587991 41.0731656182 34.7407 1.01185 0.364938
35.5989240545 41.0974953444 37.8008 0.513382 0.511064
45.91 43.1 47.4 -0.300556 1.37779
54.6511647718 42.1129154115 40.1722 -0.0599356 0.38542
56.2693396408 41.263778772 35.3188 0.125938 0.391543
59.9515867662 41.756645676 38.8416 0.140713 0.265947
66.6 43.2 40.7 -0.350811 1.17799
106.375 42.0047257379 41.8216 0.412596 1.4283
107.992163023 41.699802465 43.2509 0.689267 0.247325
111.054761206 41.2264249402 42.5853 0.853842 0.286156
114.352191927 41.2133536164 40.8861 0.83877 0.205245
116.956181138 41.6536970123 37.5644 0.688746 0.189104
120.015874944 42.1785573374 33.6599 0.367868 0.192874
123.121177142 42.1869463835 31.8128 0.193593 0.197172
125.78462642 42.3890351674 31.8221 0.488247 0.192157
128.73330972 42.8625129061 32.6577 0.636894 0.328797
130.5 43.0082619129 32.1388 0.425059 0.694595
237.955927687 42.3123146431 34.1289 1.37713 0.418352
240.289345658 42.380545101 31.2379 1.61432 0.15614
242.894844615 42.2523873629 33.55 1.39435 0.157994
246.309228467 41.8565842486 32.6766 1.54832 0.224103
248.726169106 41.8536238631 36.3533 1.67813 0.214126
251.930072249 41.8830388317 41.7784 1.48823 0.297751
254.661480513 41.8019835286 43.2236 1.32556 0.308596
257.678076519 41.9763513116 41.5606 0.626429 0.405519
261.122410292 42.1424158149 42.9702 0.0286954 0.556405
264.039138704 42.048023758 41.46 -0.10381 0.419885
267.18979134 41.9242129265 40.2908 -0.162512 0.334866
269.879816699 41.9968430095 40.1449 -0.194518 0.344907
273.094928042 41.8813775092 38.1477 -0.103111 0.370964
275.863464461 42.0289070295 39.9911 -0.196782 0.372751
279.388609812 42.1985773995 40.9887 -0.191091 0.434477
281.931923723 42.1682968034 40.6392 -0.217269 0.327535
285.200630638 41.7091511392 38.0863 -0.0462993 0.264414
287.90998451 42.1947700857 29.765 0.352656 0.260868
289.947197 42.029499 28.25 0.309321 1.36821
351.764800096 41.6979993257 30.2742 0.549874 0.240134
353.80708858 41.9958382674 32.7506 0.708163 0.192487
356.502037003 41.7269053117 35.3518 0.624859 0.315414
358.5 41.8 33 0.419297 1.59237
0.00773279797776 39.3915073293 25.7048 1.07488 0.375382
3.1230267028 39.7275844031 23.375 0.619837 0.456614
9.15875242033 39.6078476064 30.46 0.360039 0.502775
16.435 40.382 29 0.435692 1.40429
18.0342850451 39.912825148 30.9932 -0.0619553 0.540468
20.59 38.18 28 0.763687 1.35701
24.1306585256 38.7216581102 27.7969 0.534973 0.345184
27.2147822364 39.1474840937 28.8725 0.52424 0.178016
29.5193546031 39.1883914446 32.0816 0.8353 0.233379
32.955733706 39.418172684 35.9554 0.859669 0.329962
35.1706254102 39.6196671814 30.8623 1.35996 0.573937
54.5605151767 39.1762985816 37.7184 -0.0366066 0.294079
57.490534308 38.9343679691 43.2464 -0.347871 0.442084
59.3974549766 38.9063004839 39.6051 -0.0196484 0.248355
63.2890028362 38.9872372878 42.8068 -0.0352696 0.345525
64.8852475617 38.9105310562 46.3496 -0.0773719 0.778691
108.095131971 38.8898670066 41.8741 0.80871 0.200614
111.365790623 39.1207745549 42.7782 0.727086 0.195319
114.16341154 39.1533747368 38.0364 0.458573 0.121046
116.807919383 39.5021721927 33.9088 0.033269 0.132729
119.602123801 39.4683448829 32.9448 0.0629165 0.339339
122.948513904 39.7370869231 33.4471 -0.0115874 0.510673
125.510878871 38.6653876065 29.7902 0.285011 0.832367
128.44066457 37.5906071116 33.0119 0.535735 0.607102
237.834349875 38.7501306109 26.5937 0.877036 0.292425
239.898760908 38.7825520986 31.4038 1.18969 0.180069
243.011096329 39.3533137858 31.9478 1.68207 0.167327
246.281166377 39.1594462963 30.7285 1.77761 0.209587
248.56958717 38.9784539102 37.3389 1.56883 0.263086
251.815556235 38.9494249786 44.7096 1.52458 0.30731
254.914535571 38.8165872133 45.6495 1.31895 0.271444
257.400343407 38.9059635374 43.8734 0.300291 0.317362
261.014136873 38.9852183155 40.4895 0.139204 0.409276
264.044478489 38.8238890808 40.89 -0.142435 0.466421
267.096588256 39.1759416944 42.3572 -0.360027 0.305152
269.942015882 38.3947529152 43.3568 -0.431379 0.232877
272.722510545 38.5085131805 42.5817 -0.320648 0.231792
275.748350184 39.1127816583 41.181 -0.216722 0.371031
279.074081731 39.0695362681 42.3109 -0.132785 0.45853
282.535763761 38.6424182147 31.5977 0.213188 0.267736
284.070537854 39.0669490939 29.8404 0.224689 0.332877
351.667567798 38.8838364966 29.4606 0.419706 0.204258
353.662336768 38.6131559157 31.1785 0.645808 0.181287
356.684221908 38.9961164055 31.3101 0.879776 0.250233
3.032 36.797 19.3687 1.05988 0.689395
6.04234090521 34.8349925503 40.0842 -0.224839 0.778447
8.78638920459 34.9861761409 35.9113 0.0738973 0.6227
14.8747322179 36.8906061683 31.423 0.413206 0.441623
21.93 37.18 32.8634 0.224191 0.922649
24.4958546138 35.5087540358 29.2538 0.759038 0.280276
26.8670136668 36.5359617093 26.5702 0.738493 0.258609
29.8953646007 36.9218589441 26.6579 1.32333 0.348066
33.2461578741 35.689950761 30.5441 0.711833 0.403994
35.1533196833 37.0473369629 30.9428 0.634693 0.469218
41.52 35.87 35.7 0.0632602 1.72038
60.8507291243 37.3730388532 47.7715 -0.163963 0.98263
63.66 37.42 46.4 -0.637958 1.34598
108.443741084 36.0076172775 41.0065 0.712832 0.175774
111.18333622 36.0805762882 37.938 0.591025 0.184447
113.907878608 36.28352811 34.2377 0.401306 0.15196
117.060820536 36.1972739763 33.364 0.0618225 0.191726
119.691793426 35.998833205 33.4631 0.0418477 0.246146
122.094902893 37.1274002729 31.0082 0.132113 0.612625
126.913722959 36.7721942285 30.366 0.237912 0.519079
128.879098485 35.8298030816 29.6828 0.370378 0.509511
133.350651518 35.3154863643 25.1136 1.00143 0.875648
238.04151526 37.0091883728 23.176 1.06558 0.314622
239.673928857 36.2455695454 27.6709 1.0474 0.171464
243.024885651 35.8530544957 30.3285 1.10057 0.150954
245.622468347 35.8794033696 31.963 1.01073 0.164372
249.13997272 35.5401423246 41.0049 1.09486 0.258041
251.978838668 35.7304358358 40.5036 1.4831 0.261689
254.983703548 35.8965796284 42.3408 1.30918 0.18867
257.88452151 35.9015476412 43.3086 0.540961 0.389422
261.237457429 35.4151897388 41.2694 0.166268 0.37028
264.207022373 35.772772535 39.9267 -0.06513 0.380611
267.392662964 35.6547440209 39.2505 -0.105335 0.2574
270.030946751 36.1954353842 39.5952 -0.0366981 0.17959
273.222117916 36.1167949705 42.4704 -0.351853 0.245726
275.705248977 35.9362709494 44.145 -0.153138 0.220681
279.00078509 35.7059242827 38.4196 -0.0370342 0.327886
282.025558163 35.3420753472 29.8704 0.276491 0.246477
283.553596 36.331902 32 0.0280394 1.54334
351.686198338 37.2574879601 29.553 0.388815 0.336319
353.773909953 37.2456009969 28.2948 0.405533 0.522626
3.0981 34.215 38.0952 0.35144 1.03856
9.03425497218 33.9127508736 32.771 0.170626 0.56119
12.3283526147 32.3326255654 31.1176 0.5024 0.506288
15.01 32.19 30.9 0.13317 1.49241
20.88 32.52 29.9362 0.500112 1.02429
25.96 31.51 29.1 0.029943 0.852381
35.5091526092 32.2619989586 28.569 1.00713 0.270561
38.0524130825 32.4530646025 36.0216 0.531087 1.00248
43.2576 33.401 47 -1.09636 1.56354
45.359357692 31.9706318844 45.8762 -1.25888 0.882557
114.712002167 33.3199119213 33.2777 0.126871 0.542677
117.149593376 32.5219578328 33.8306 -0.0848851 0.20695
119.318325766 32.4051352869 30.7922 0.145945 0.287427
126.5575 34.1569 32.5 0.000776771 1.56823
240.831196794 34.0574526542 28.1235 0.490964 0.311232
243.008436025 33.5558420866 29.7931 1.03382 0.115824
245.983246326 33.3422806866 25.7236 0.93257 0.189465
248.818405308 33.3109741717 30.3525 1.24834 0.173978
252.271701102 33.0793421806 31.6641 1.5476 0.163204
254.843403611 33.0277325777 41.2432 0.895689 0.276165
257.561113452 32.9644318985 43.5243 0.378374 0.406044
260.851270333 32.9628066247 41.0657 -0.0541717 0.482446
264.110079429 32.8693511687 29.9984 0.414154 0.352082
266.615343163 33.3053342506 28.7882 0.311637 0.199373
269.936645864 32.8087138766 33.2255 0.0893086 0.32688
273.062122785 33.2092186479 40.7288 -0.284263 0.434013
276.484713346 33.2337172954 38.8751 -0.111216 0.265745
279.033607682 33.4175616205 31.627 0.180999 0.226823
281.097571962 33.8010050033 32.3622 0.00421567 0.78154
351.398081421 32.3254601049 36.2323 0.150103 0.447677
354.20369643 33.1925951592 34.65 0.772001 0.203479
355.636613283 32.2932057062 33.5507 1.09969 0.470119
15.4947087109 30.0832065923 29.8843 0.468927 0.840417
20.5624287876 29.9322692399 26.0617 0.57847 0.90223
25.3340988338 30.3656133605 35.5 -0.164643 1.20941
26.2416210274 30.5625385901 34.1498 -0.445002 0.700613
29.4076992698 29.9521932025 33.7523 -0.333301 0.450698
33.6991260607 30.6342739648 29.2471 0.712137 0.372938
35.3931101074 30.1516293113 33.3868 0.40195 0.125058
37.59 28.65 35.338 0.698687 0.963292
46.2199 31.0514 44 -0.98529 1.45928
47.6171572147 30.3261363583 47.4887 -1.57223 1.11896
111.79852415 29.0195859331 36.6516 -0.124843 0.540786
114.216775431 30.0145273516 33.4846 0.0732974 0.242136
116.53762442 30.1487599556 34.6011 0.00688575 0.153862
119.917601124 30.1006102354 32.2395 0.155118 0.152935
121.88569821 30.2322451539 31.0638 0.106747 0.53019
243.941429534 30.8484304658 32.9945 0.0392072 1.12597
244.606380442 30.4419077955 34.4256 0.984501 0.960123
248.964603266 30.2406593928 26.8144 1.14169 0.539296
251.106652945 31.2349854971 30.7872 1.44547 0.562447
255.878339427 30.0919330206 37.7111 0.90796 0.398284
257.589528746 30.4094239254 39.7568 0.417666 0.411131
261.124499861 29.9107514257 35.1269 0.199272 0.367301
263.715435522 30.2860317259 32.0164 0.0446001 0.381164
266.232374452 30.3532987799 32.2187 0.00205934 0.456542
270.42 30.9329566488 37.1704 -0.0954234 0.762217
273.299780194 31.1819267736 33.333 -0.00294137 0.72031
276.228871211 30.6195932591 37.032 -0.237652 0.448153
278.24580511 30.153025685 34.8492 -0.144552 0.532599
351.058858168 30.1891080668 30.7494 0.862722 0.258745
353.358702511 30.6080625036 32.2218 1.19271 0.263354
355.899067147 31.2600009523 34.5436 0.611742 0.832751
14.45 26.08 30.44 0.606689 1.47225
28.3104 27.1484 38 -0.270045 1.82748
30.9175 27.6821 38 -0.244335 1.83001
33.9480605157 26.694456548 28.7533 0.519901 0.384272
35.9901061837 26.8394685975 24.8323 1.1337 0.219459
39.2608084507 25.7897539498 30.829 1.08674 0.671059
42.5422836255 26.0736664418 36.2248 0.609627 0.524384
44.34 27.5 45.6017 0.271524 1.25712
48.6582363522 27.0328414326 45.7114 -0.868768 0.887625
109.259963698 26.2266574615 39.6522 0.21004 0.856548
111.516927669 27.1932314772 35.3075 0.180707 0.263495
113.99072266 26.9220257666 31.3925 0.30759 0.2103
117.050902183 26.7739180735 32.1695 0.41686 0.182481
119.639772934 27.20560256 31.8425 0.354989 0.16382
246.56821796 27.6483490859 26.7204 0.610832 0.656164
248.175924685 26.66992894 21.8412 1.0183 0.484461
250.76915841 26.9156605299 25.0257 0.813764 0.865115
254.336 26.9368 39.9 1.34583 1.92256
260.989373896 27.7917982071 31.3829 0.234714 0.621464
278.731037907 27.4102500893 35.6521 -0.191625 0.445464
5.93669089479 24.5181432032 32.7175 1.16919 0.731057
23.13 24.1 36 0.154214 1.73649
28.9546 24.3195 35.5 0.104343 1.70879
32.8749671863 23.6538124606 34.2577 0.287532 0.470446
37.0705559858 25.0169696298 21.6673 1.58608 0.301636
38.7217397453 24.5712870194 32.3814 0.990474 0.201701
42.8094336486 24.1824607717 35.7527 0.750286 0.605801
45.0123101127 23.5424825852 39.7878 0.563246 0.465344
46.6442216149 24.720347458 44.3386 0.408788 0.952446
50.7047469447 24.5178990302 39.2471 -0.461185 0.627229
54.308752305 23.8067297079 32.1411 0.114498 0.415758
69.9035248622 23.3616434355 36.8259 -0.184665 0.375157
71.3027339424 23.5344458437 38.6564 -0.263476 0.542052
73.85 23.29 33 0.0816525 1.59259
79.0162324691 23.4313662109 39.7882 0.0309843 0.359087
80.1003591155 22.9335682214 41.3243 -0.17891 0.510294
87.2327595239 22.667604386 37.9404 -0.304663 0.763032
88.5 22.7 32 0.0257828 1.54438
108.98835737 23.5497832589 30.7922 0.326162 0.417282
110.82848529 23.7809285557 30.1287 0.37237 0.228503
114.009335349 23.7625439225 29.4101 0.434219 0.15367
117.161415754 24.3416144224 30.2924 0.390891 0.166559
118.996662129 25.2061794647 29.4003 0.302068 0.326476
249.845625096 23.5888706274 26.9069 0.789132 0.422676
252.26067 24.73088 20.3 1.1409 1.01527
255.867342763 23.9131001095 43.35 1.0081 0.979738
257.433 22.7692 40 1.94417 1.92764
260.5344 24.8982 27 0.74235 1.31188
276.985865149 22.7815505693 25.7921 1.01867 0.572705
278.947701 24.726601 35.75 -0.236567 1.72329
343.924168281 22.6414963171 27.5859 0.688155 0.460722
37.22 21.16 19.6 1.64825 0.606752
40.1130907502 21.03597966 28.9657 0.865132 0.328428
42.6355242142 20.6384691505 38.1628 0.88188 0.369615
43.86 22.3 36.2 0.675504 1.04835
57.5885072734 22.2489624443 37.9435 -0.103353 0.690583
59.1181364392 21.8817078344 34.0543 0.0322489 1.15986
69.6896865993 21.818667677 39.8698 -0.067347 0.85379
71.9817333813 21.3144264945 36.0414 -0.0883074 0.43114
74.0905720509 20.3514573124 36.0542 0.369739 0.388749
78.7913223017 20.6131868047 36.6981 0.129795 0.458082
84.2027544065 20.8474049026 42.8949 -0.366533 0.454662
86.1613393293 21.2447231138 39.0002 -0.274482 0.371192
109.017253398 21.8074402652 28.662 0.346029 0.385729
110.989926412 21.392227435 28.0448 0.417012 0.221126
113.181860744 22.1250530672 27.8819 0.420384 0.36183
254.788658557 20.5516968357 31.0193 1.10196 0.775304
261.226932481 20.527110071 36.9331 1.30524 0.313062
262.748090907 19.7196958027 41.7171 1.48715 0.763456
271.4 19.7262 27.3 0.449064 1.32585
271.723809693 20.2261903073 24.2423 0.758992 0.849934
344.293018031 22.4146848395 28.5504 0.659212 0.635918
42.3758432448 18.6801916023 39.8084 1.35254 0.420588
43.5406683395 17.7035441185 45.1089 1.61576 0.966898
54.0273044984 17.2790106527 30.658 0.709794 0.414002
55.62 18.02 34 0.150833 1.63995
73.1227608954 19.0617483015 37.1014 -0.271708 0.881213
74.0977335855 17.5627360958 38.1623 0.278361 0.306639
77.9782553137 17.8112488717 33.7444 0.502852 0.243997
80.0870770609 17.3957760418 35.9615 -0.0891796 0.778702
83.3133532658 17.7089021772 32.3469 0.0322453 1.10447
101.903298509 17.4030931992 37.0434 0.139899 0.731013
105.552149674 18.4972266102 29.7487 0.263607 0.591921
109.171364643 18.9085189798 30.3937 0.371382 0.464721
110.096596551 19.0401765799 30.0783 0.368443 0.389767
260.831372776 18.1612037737 37.169 1.06473 0.266243
264.052014249 18.0031560197 33.9089 0.599529 0.205255
266.073443057 17.5548689876 26.3701 0.840899 0.915187
268.8134 18.967 31.7 0.0407055 1.53006
32.5556650458 15.5749898883 34.5282 0.253105 0.963335
40.4036123077 13.5723459926 17.3787 2.14848 0.309096
43.2360283528 14.8818849592 24.7395 0.92785 0.411801
44.3972607353 14.4428686764 32.7499 1.68896 0.478291
73.4991554384 16.0512668425 43.0129 -0.542838 0.931653
75.2252065917 14.8027575024 39.5194 0.154624 0.232404
77.9893566647 14.7540751562 35.8038 0.251573 0.201217
79.9260444894 15.4872002095 37.8721 -0.0826586 0.406509
101.320951785 14.3150964291 34.5171 0.184725 1.17678
108.298044401 15.2008585507 28.7456 0.33297 0.985068
264.99 16.45 35.4667 -0.191451 1.70731
267.8632 16.2818 33 1.69045 1.58906
274.147 13.574 36 0.279715 1.73539
343.04 14.39 26.3 0.509752 1.27915
355.99 14.5 42.6 -0.278166 2.05631
1.7 13.14 41 -0.266064 1.97817
8.12 10.99 33.25 0.609398 1.60312
14.37 10.62 33 0.351529 1.58963
37.423811822 12.1278950622 41.1823 1.49378 1.40985
39.9462611678 12.1159999346 26.1056 1.76668 0.30355
41.53098112 12.0867502623 24.8234 1.38517 0.185417
44.953301082 12.3967364621 22.592 1.26906 0.560569
53.7059681461 12.5651494461 22.5933 1.10764 0.225802
75.7612269211 12.5461625499 42.4641 0.054158 0.273356
77.4568533649 12.2820988033 39.4491 0.310972 0.192522
80.25 13.07 39.3335 -0.417672 1.34011
102.352741711 12.7440645723 32.5878 0.268028 1.12597
108.788467892 12.2003750187 31.9116 0.806132 0.692407
273.619268696 12.5408858071 32.126 0.356946 0.38026
275.304282022 11.4933700452 33.3586 0.0321583 0.570075
4.5334 7.5334 35.0637 0.212897 0.955714
8.23308099272 10.3054022906 35.5314 0.650221 0.689188
13.3217017168 8.98355364824 27.5821 0.781991 0.950408
13.7758853596 8.74323925777 24.4955 1.12204 0.443844
29.2312959382 10.1427428101 40.1774 0.811504 1.29949
36.5895903002 8.7129910206 35.5393 1.68176 0.661475
39.4770964133 8.8626329735 35.0143 1.59628 0.192711
40.8734937787 9.94410752034 27.5422 1.7351 0.323814
45.6759280982 9.36727990489 29.5051 1.11184 0.733936
77.0437001195 9.1093836825 37.4386 0.152832 0.278856
80.543 8.396 36.8795 -0.190893 1.25547
284.492425874 9.11840199773 28.4195 0.505325 0.996051
291.959 8.943 42.3 -0.473137 2.04312
293.491336532 9.00126069602 40.5405 -0.341575 0.566843
296.389387481 8.59769758565 39.7591 -0.263958 0.306713
-0.187382774463 6.18315810227 41.4223 -0.142681 0.443802
7.42 6.87 28.5 0.711823 1.37942
9.66758649252 5.33561681112 30.8427 0.641282 0.747355
11.943703755 6.29550131048 36.2869 0.800598 0.618746
13.8269239626 7.04776149596 33.8315 0.844996 0.747963
18.42 5.17 40 0.0913541 1.92811
36.871422356 5.51007122955 30.3959 1.26825 0.52145
38.6463815984 6.22212915013 39.3333 1.48854 0.515517
80.693945711 6.85282393156 38.2407 0.0564373 0.753284
115.17476 5.28108 26.5656 0.527738 0.931286
116.752258773 5.70912961295 32.5938 0.373689 0.166363
291.799488152 5.89119498184 36.2878 -0.090965 1.26977
294.054155743 7.09096703098 39.5733 -0.329026 0.782098
297.373309906 7.17118114238 40.6422 -0.243568 0.575487
298.539 5.843 36.5 1.10065 1.75574
306.996584703 5.17040217815 38.6198 -0.358065 0.931924
307.61 4.7 37.2 -0.273642 1.79178
355.14 6.68 38 -0.235755 1.8329
9.6684924838 3.24908582886 27.0671 0.658157 0.760155
11.8244776886 3.59556818031 42.3759 0.0755083 0.777747
15.03 3.52 43 -0.0146793 2.07591
18.55 4.44 43 -0.157084 2.07816
33.441644269 2.50652033325 37.4713 0.776502 0.639406
36.1393383338 2.46511883927 23.215 1.62066 0.21169
38.4207856442 3.43625791627 31.5551 1.07372 0.490266
112.211941809 2.4514307785 24.2454 0.79166 0.60233
116.937073141 4.44258495189 35.6054 0.311259 0.617224
299.478616278 2.39769379662 44.2298 -0.490082 1.51664
30.3154859132 0.516554294663 28.1743 1.64098 0.289476
33.4699016662 -0.122539617048 36.039 1.02805 0.404877
35.9360104275 0.19663670022 36.6889 1.32518 0.188234
38.0031448847 -0.0326654210675 35.3383 0.761717 0.657039
101.22 0.36 27.45 0.620073 0.680181
110.488441273 1.25682627983 27.977 0.383136 0.608892
114.904091647 -0.954091646819 33.3073 -0.00833891 1.14176
117.046368936 -0.80263835465 35.5515 -0.179612 1.21396
285.21 -0.17 28 0.537926 1.35851
292.998111036 -0.121081193704 39.6241 -0.346334 1.35072
307.99933029 0.0441790299412 36.1972 -0.111545 1.01006
312.063332485 -1.25398517621 39.5571 -0.384703 1.35793
13.61 -1.66 45.6 -0.331522 2.2066
27.5 -2.33 35.87 0.766857 1.03963
30.5106939541 -2.87533992191 39.0442 0.99284 0.841634
32.9259717025 -2.8967023875 35.6776 1.05507 0.605542
36.3718028918 -2.33611989768 37.9061 1.25966 0.27679
38.1248029976 -2.99094855894 39.6822 1.07997 0.474749
105.029981127 -2.72457773905 31.8062 -0.0947385 0.620407
107.65 -2.75 32 0.031721 1.54285
111.665153896 -2.69515389623 31.4846 0.0737739 1.0744
114.84 -3.46 29.6667 0.226458 1.43698
116.17 -3.3 36.9615 -0.456412 0.852712
132.248954615 -2.91925 33.4756 0.128753 1.14636
133.7044 -3.6616 30 0.209584 1.44983
286.68 -3.816 36.8101 -0.19178 1.25368
290.091 -4.187 42.2 -0.465684 2.0394
299.89488557 -2.59601849555 41.063 -0.412804 0.889144
304.268012099 -4.36850907403 42.8491 -0.436913 1.46594
305.524756561 -2.12737210567 41.4155 -0.435642 1.1557
310.46 -4.25 41.8 -0.457774 2.01476
311.9 -2.37 38.6 -0.348263 1.85919
315.875 -2.897 43.9 -0.590888 2.12242
318.788769763 -3.94218338359 37.4292 0.232192 0.733398
320.501692388 -3.83082474533 33.0203 0.227167 0.407217
20.84 -7.41 34.5263 0.700242 0.94254
30.3691256848 -5.64390607249 39.0709 0.652542 0.459614
33.6190700704 -5.18238473436 37.8014 0.89939 0.60815
35.9041128397 -5.32973096052 37.6685 0.972595 0.454259
38.2371299491 -6.78717132824 29.7919 0.777551 0.665757
110.900083176 -6.41509469699 32.3505 0.119804 0.699063
119.752 -5.01410714714 36.4071 0.173723 1.24085
285.552999669 -7.20653944928 36.0965 -0.0218798 0.779865
290.1 -6.3249115375 45 -0.501203 1.54053
304.641033068 -7.04741733103 33.7802 0.171948 1.15108
310.071786934 -5.82450022731 39.1772 -0.170304 0.771898
312.234789495 -6.02220950301 40.5571 -0.203764 0.563983
315.396331927 -5.52257264636 40.5472 -0.192336 0.496119
317.682725021 -5.11005381444 40.0468 -0.19018 0.495392
321.262169923 -5.87116973692 33.2372 0.381863 0.226752
323.613710214 -6.61386686875 32.1207 0.515789 0.220909
13.55 -8.64 33.1647 0.402213 0.698936
20.72 -8.45 38.1881 0.643098 1.03999
29.995890429 -9.15930394456 41.4791 0.951039 0.397244
33.44438615 -9.19328811864 39.6891 1.01575 0.210417
35.0720707943 -9.40664021901 37.9725 1.20674 0.263852
37.917 -9.7896 38 0.166937 1.8314
140.4141 -8.5181 27 0.443479 1.3121
285.688668868 -7.92106096825 39.4293 -0.201019 0.951889
294.240753578 -9.72717722305 44.0711 -0.498091 1.23235
296.65 -8.8 44.9 -0.576244 2.17127
312.226420461 -9.50878703159 42.0564 -0.208084 0.721047
319.32 -9.24 44.6 -0.213399 2.16626
321.297397693 -9.03927997769 38.6505 0.257557 0.296332
323.810861715 -8.56045357992 34.4031 0.499735 0.206238
25.0888793755 -12.99219634 39.7754 1.01825 0.772167
27.0115208328 -12.4772759144 39.1182 1.17491 0.538453
30.3153729878 -12.066677238 41.6284 0.962997 0.33707
33.5199723651 -11.3648117653 41.0423 0.765048 0.296591
35.50484348 -11.377736072 38.3709 0.572083 0.347547
49.3606 -12.2825 18 1.6175 0.630762
49.9212 -13.4584 30.6876 0.443735 0.839701
130.912540884 -11.8142805715 34.4207 -0.115611 0.529726
136.783 -12.1874 35.6 -0.212825 1.71888
293 -13.48 40 -0.0150372 1.15624
300.264756288 -12.486229512 41.7751 -0.14775 1.16549
302.629763728 -11.5643564255 35.5999 0.108575 0.652515
309.652340761 -12.642503478 40.3942 -0.19695 0.740279
311.578937936 -12.4116466726 39.0757 -0.0346026 0.403068
314.760893784 -12.2346707454 41.5511 0.0681368 1.15985
321.12044933 -11.6162280999 36.9896 0.123644 0.316781
322.81 -10.73 42.5 0.344401 1.41307
13.45 -14.91 37.5393 1.65003 1.27766
23.7168843031 -15.0919595276 38.8192 0.888834 0.648919
26.9599854078 -15.5464086905 38.1467 0.885714 0.601514
29.38 -13.6 41.0063 1.00461 0.736082
33.5778514532 -15.1638372847 40.4881 0.247393 0.538221
35.1973331825 -15.0767344553 39.0494 0.516373 0.561707
39.25 -15.08 40.8855 0.258088 0.791383
46.4263 -15.7323 35.5 0.734375 1.17655
48.3134036045 -14.9888614154 32.5938 0.583882 0.412191
50.1815356547 -14.5549448468 33.0882 0.219776 0.64004
128.76 -15.68 38.1 -0.30618 1.83904
131.874018036 -14.8585222755 41.7777 -0.977008 0.854973
134.1 -16.47 48 0.177552 1.39815
136.77 -16.32 39.02 -0.0488118 1.12999
143.047717294 -14.7157139947 34.8364 -0.0553514 0.864629
179.45 -16.302 28.2552 0.366461 0.973403
295.563 -14.895 30.2 0.32435 1.45843
300.733037359 -15.3141569804 42.3486 -0.0233162 0.906809
304.099677459 -15.5818423249 36.5368 0.00682544 0.784704
308.356563112 -15.5987053367 32.2572 0.33338 0.687811
312.150857742 -13.9795455095 40.6406 0.258082 0.439272
314.749126075 -14.8680480069 40.1148 0.266215 0.608467
320.498364817 -14.9214542877 39.8661 0.00681275 0.779441
12.8489610761 -18.5002746142 36.9299 0.230755 0.340852
14.3259809128 -18.9444644022 38.527 0.657108 0.526265
17.5805909958 -19.2002954979 36.1936 1.08312 0.649295
20.2517416256 -18.1626014057 39.0243 0.702474 0.700684
24.6627672057 -18.430830675 36.4649 0.715604 1.01578
30.7713658321 -19.4631708393 36.2615 1.19995 1.00914
36.6100865068 -16.9308612393 35.8401 0.156091 0.641572
38.5312717601 -17.1024333921 34.719 0.205706 0.713198
45.6461224296 -18.4839778035 37.9938 0.424562 0.57432
47.9845933291 -18.2428057025 39.8621 0.364192 0.427128
121.41867611 -19.4301387161 39.3125 -0.403373 1.33978
122.767174338 -18.0818627386 35.3764 -0.160887 0.335509
125.127103836 -17.2612242454 35.4278 0.0137026 0.516134
130.25 -18.98 40 -0.0305232 1.93056
132.40484732 -19.3969260122 36.3051 0.0294593 0.877569
135.206444178 -18.3398453318 43.5051 -0.293255 0.474417
137.937478214 -18.3388158089 41.485 -0.280654 0.395364
140.835301137 -18.7322063125 36.3133 -0.185223 0.40355
177.92330655 -17.8286629602 28.9124 0.441026 0.351624
179.952 -18.566 15.7439 1.51643 0.582255
297.495585331 -19.3808039376 31.6776 0.451369 1.08326
300.104774839 -18.4850600908 37.7977 0.156476 0.605432
302.460667261 -18.2175396849 38.8706 0.0481838 0.586216
305.319269725 -18.1786769466 33.3357 0.396395 0.476316
308.368305573 -17.3059055146 40.7588 0.170824 0.695916
312.189394345 -18.2061881528 39.7604 0.352608 0.57958
314.994171873 -17.8837170951 40.2959 0.435707 0.735356
319.0314274 -18.7847189003 36.0725 0.0941102 0.77834
319.812892896 -18.2891242312 37.6947 -0.112302 0.909938
12.9769 -19.875 26 0.573207 1.26737
14.8669503125 -20.904141118 36.1589 0.719185 0.378999
17.6763223083 -21.327456596 45.1116 1.10252 0.855794
21.1907883463 -20.2670486466 41.2199 0.624067 1.41456
23.9741149267 -20.4461843528 38.6185 0.710349 0.699078
27.040152615 -21.3736210052 42.2832 0.417279 0.77494
30.0011521166 -20.9974969232 38.2599 0.557414 0.384518
43.3721 -21.7501 23 0.934838 0.778423
45.6335879133 -21.619902654 34.2912 0.579935 0.377896
47.3171575577 -21.400759271 39.4368 0.491069 0.303747
115.44 -22.49 33.2 0.0166874 1.59863
117.367545592 -21.8520790366 32.1519 0.488314 0.457953
119.806855102 -21.1145261303 30.1722 0.388534 0.172393
122.480870168 -21.5926094652 39.8208 -0.17502 0.640715
126.49 -20.44 42.4 -0.241888 2.04854
129.643479192 -20.9476533369 40.9237 -0.0959796 0.443595
132.254170519 -21.0337443123 40.5849 -0.0171826 0.300626
134.68399919 -20.912299563 40.3362 -0.0231938 0.279813
138.145674214 -20.4988140887 41.6094 -0.259032 0.32255
141.147037486 -20.7753851234 40.4043 -0.276082 0.27988
143.739726732 -21.6448956816 38.5288 -0.178543 0.596604
146.256817989 -20.8236211916 38.0682 -0.112083 0.663371
166.454 -22.3073 26 0.527871 1.26704
300.078755486 -21.6550167211 36.3467 -0.105765 1.01942
303.598533673 -21.002462625 38.7498 0.111818 0.497292
306.46528306 -21.1717705916 42.6751 -0.352376 0.719024
309.010759032 -20.8794695518 44.8618 -0.409186 0.535389
311.919890481 -21.248732486 42.3489 0.219801 0.442644
314.864035293 -20.6926542215 39.1322 0.472356 0.629839
317.458394675 -21.5914069451 38.6352 0.00294334 0.404517
14.75 -22.8 30 0.375286 1.44967
17.507214287 -23.1281236123 43.6969 1.30191 0.523984
21.1253155656 -23.3644176889 42.3091 0.646428 0.772906
24.5781771596 -24.5063199333 40.8409 0.797451 0.518293
27.095809427 -23.8925016915 42.3788 0.766067 0.395654
29.7711579343 -23.8402567177 39.6331 0.869518 0.381424
33.4881085211 -24.5575874439 41.5552 -0.428775 1.0037
35.0207579136 -23.7930540857 38.1264 -0.266617 0.91969
44.7249927916 -23.2187262162 27.5694 1.03176 0.259162
47.3297264607 -23.9239281961 35.4986 0.00427069 0.470457
114.479471719 -24.2294589432 29.2318 0.373214 0.640012
116.682581814 -24.0706863166 37.8778 0.0571312 0.270381
119.34334392 -23.447304132 34.4638 0.524099 0.45667
122.970856351 -24.1695130567 41.8404 -0.130957 1.43146
129.519856052 -23.7922044238 43.9573 -0.211374 0.531121
132.284810415 -23.885361144 43.1373 -0.0404163 0.439932
134.131399708 -23.7795078384 41.4494 0.0443207 0.477019
139.0811 -22.9126 41.2181 -0.357026 1.40846
141.09002386 -23.9496216333 40.5681 -0.32131 0.378835
144.004523939 -24.0382368486 38.3544 -0.14549 0.324757
149.048059352 -23.7560123739 36.4729 -0.129181 0.461049
303.011638429 -24.8151193252 42.6113 -0.366079 0.910968
306.081563642 -23.1348158771 42.8092 -0.446454 0.770148
309.431439006 -23.6514004427 42.1778 0.00167051 0.451827
312.607170597 -23.8042823773 38.4013 0.208457 0.385064
314.443910349 -23.2856762595 34.7061 0.501637 0.369523
316.8 -22.6 35.7 0.526592 1.03504
21.6347191007 -28.1620074583 40.0251 1.09543 0.944815
24.3763628246 -27.1868668335 37.4295 1.03691 0.299989
27.2007772713 -26.7216185799 38.6793 0.998798 0.262232
29.9615388023 -26.3173853178 39.5376 1.24178 0.605084
31.9766560511 -26.7898917752 35.3409 0.411415 0.843003
45.15 -25.5358 31.0357 0.383627 0.851475
114.29 -26.21 29.8 0.21411 1.44191
117.197240845 -27.2048838077 32.6469 0.384098 0.47637
119.090447184 -27.0380963522 36.4502 0.243589 0.557399
122.801766845 -27.8734360045 41.5037 -0.0347624 1.00332
125.19 -27.05 46.4 -0.280357 2.25672
132.291827121 -26.6188203575 41.7496 -0.221211 1.14304
134.953574698 -27.0357123315 42.9839 -0.365119 0.410088
138.261791912 -26.2609697335 40.8398 -0.447346 0.804399
141.863717629 -26.6772290283 36.2061 -0.166097 0.426991
143.886783596 -26.6833218905 38.6346 -0.247293 0.295141
146.715362574 -26.7668327064 37.7411 -0.195069 0.560973
148.8 -26.6 38.4618 0.0818144 0.564401
153 -28 33 -0.530874 0.959201
300.030393608 -27.2086918772 41.6019 -0.445993 1.15958
303.581075765 -27.5149411278 39.2373 -0.483339 0.937142
306.20075024 -26.4066985235 41.5749 -0.288144 0.747502
307.7655148 -27.2709734266 43.8957 -0.134353 1.50022
310.54 -27.12 38.6 0.0113353 1.86056
18.5392538225 -29.6293034757 41.1583 0.644712 0.590291
20.9231562516 -29.2853644377 41.2716 0.668744 0.539687
24.3795709458 -29.3661229699 36.5641 1.10759 0.32032
26.1973458736 -29.0211858863 36.6796 1.63512 1.21657
116.986267941 -30.5287081084 36.1859 0.0358541 0.617504
120.576108216 -30.405534709 36.7799 0.163478 0.375026
122.69930162 -30.7456536252 40.5176 -0.144249 0.307704
125.091246955 -31.0671942044 39.9237 -0.265437 0.642623
129.805050138 -30.4402557254 40.9114 -0.491967 1.01533
131.444557934 -30.298989389 38.9385 -0.687427 0.609322
135.3006678 -30.4444605431 44.8038 -0.504277 0.475025
137.689339595 -30.4951123657 45.4549 -0.578948 0.779813
148.15 -28.95 40 -0.965411 1.32347
302.548842785 -29.7593585637 41.606 -0.491843 0.703065
305.956830791 -29.7574862029 41.8388 -0.27861 0.666188
309.638644972 -29.0470196511 40.5827 0.080477 1.13205
19.25 -34.29 33.5 0.150278 1.61411
21.6629977321 -32.9524542045 40.5407 0.430134 0.362172
24.7167852148 -33.4871328736 33.2771 0.0569604 0.532521
26.51 -33.31 35.5 0.353646 1.71148
115.38 -33.66 34.6 -0.146906 1.66676
116.958045417 -32.3546752604 38.6132 0.198398 0.405631
120.765314107 -33.0737897819 39.9854 -0.179264 0.735766
122.794899665 -32.668611543 39.7119 -0.212313 0.334279
124.79911562 -32.3271262173 35.1398 -0.0107423 0.71131
135.0909 -32.146 46.4 -0.498537 2.24952
137.119235316 -31.7300934329 46.2215 -0.615629 1.00288
141.709020237 -33.4320018339 33.0484 0.27242 0.681891
144.470969489 -34.0171612204 35.8091 -0.220423 0.508851
147.477967697 -33.6388809011 35.7499 0.101916 0.576801
150.431600589 -33.6656739694 34.7594 0.462567 0.37213
292.56 -33.5973608155 40 -0.864853 1.32303
304.063 -31.683 47 -0.60614 2.27977
306.373085064 -31.7591894044 37.6103 -0.070573 1.28026
117.497280522 -34.8292819605 34.5698 -0.039476 1.17942
147.79557933 -35.5310932099 42.8176 0.17804 0.511593
149.073367131 -35.658875027 41.7627 0.0505679 0.454878
144.550566632 -38.1986651432 32.3691 -0.0890935 0.559962
146.585078271 -39.0332869251 30.875 0.261946 0.673315
148.83 -37.63 37.7 -0.135579 1.81687
298.021 -38.057 41 0.0218696 1.9834
145.106935121 -41.4296420698 23.6295 0.486462 0.608386
147.150546784 -42.4207031146 34.3793 -0.0824436 0.600242
290 -52.06 31.1 0.945496 0.908873
291.5 -67.3 36 1.00693 1.04442
