18.73 80.17 31.8 0.169315 0.925282
47.376292 80.768692 31 0.106303 1.49735
273.5842 80.0533 34 0.224282 1.63842
297.65 82.5033 29 0.25059 1.40475
12.2914429184 78.9538725057 27.5129 0.781661 0.452122
16.0538609413 78.2028398806 33.2392 0.517887 0.330228
240.725663597 76.2454421466 34.578 -0.075264 1.18051
243.69 77.03 38.18 -0.363551 1.84
247.453013503 77.0851767222 37.0277 -0.277576 1.26338
251 76.4 38 0.359938 1.09919
263.5 78.4 38 0.307996 1.10206
18.99 74.502 28 0.359981 1.35807
69.95 72.57 42 -0.696662 1.21442
99.5 73.3 42.2 -0.0132283 1.22187
244.51 75.78 39.27 -0.179161 1.89188
249.207239301 75.2336721775 35.1426 -0.817964 0.720872
265.1 74.687 35 -0.167101 1.68362
303.86 72.79 34.4904 -0.138884 1.17896
334.882 72.88 25.7 0.706998 1.25236
13.4911896768 68.1364185593 23.6701 1.20994 0.463209
14.68 68.8 24.8 1.08529 0.738243
20.4908515432 69.0739335914 35.9175 0.301274 0.725932
23.5638356105 69.2182579246 44.4534 -0.103034 0.301522
28.0674146036 69.361115173 44.1707 0.118378 0.303882
31.8344316548 68.7880304474 42.6916 -0.0988269 0.263676
51.7516758719 68.1165978825 41.4542 -0.374849 0.521674
56.4053231281 68.3753326955 39.7467 -0.534606 0.612049
59.2226182126 68.5486961054 40.487 -0.311195 0.623877
73.5843916458 70.0291520818 36.97 -0.0943092 0.756265
75.5893573271 69.6097499295 38.503 -0.19751 0.557274
79.9155907612 69.7792301554 41.7601 -0.304857 0.623586
83.6637214726 68.5735662968 42.7329 -0.363281 0.451529
87.8287053596 69.9565978613 43.588 -0.523898 0.439925
94 72 42.1 -0.421289 1.21751
110.4 68.1 46.6 -0.222086 1.02113
114.64 71.5 33.75 0.502514 0.980817
118.5 69.65 42.3 -0.447461 0.920923
124.5 71 43.6 0.23707 0.95215
126.79 71 41 0.843496 1.18954
173.76 68.72 34.95 -0.142618 1.01261
174.886615876 69.2806598839 32.3408 0.104515 0.665038
193.561456113 68.6187605568 31.6463 -0.262253 0.651621
196.98 69.73 27.78 0.0324924 0.817664
200.413 69.105 39.8 0.0671686 1.91928
203.384407191 70.4041596973 32.1235 0.208709 1.11108
209.363258554 69.5322491438 36.9198 -0.0498808 1.27704
211.2462185 69.3997526984 38.5225 0.0660875 0.967968
215.576393908 69.7992564354 34.6839 0.0166903 1.18751
242.1942 70.7631 45 -0.629024 2.18494
268.307566304 68.7034473923 35.2996 0.0346199 0.636133
276.239526172 69.01938093 39.7379 -0.013582 0.62685
278.970519493 70.1136723485 40.1369 0.021205 0.54667
287.710280677 68.6624898503 44.0181 -0.063619 0.792501
291.41291 70.47433 34 0.204243 1.12698
12.670892941 66.9025572915 24.9647 1.08211 0.533009
16.5612904708 65.3029308165 39.4415 0.189762 0.505439
20.1902898598 65.7892343642 43.1063 -0.167944 0.346419
23.7295356018 66.9630702928 43.9205 -0.190506 0.507083
28.0561663178 64.9168863278 46.3537 -0.5416 0.712599
31.0667278257 66.3369915215 43.3445 0.0678776 0.368337
35.5877182144 67.1642199588 38.4345 0.394174 0.346699
40.0341717428 66.5028967947 36.876 0.256096 0.616783
44.1211045226 65.8168143215 31.7813 0.603632 0.415154
47.9307665646 65.3070578565 34.1711 0.104107 0.444491
52.5968866497 65.2990982368 36.6815 -0.310601 0.751042
56.3077218389 64.9983556594 40.4747 -0.795322 0.585238
59.7811334025 66.3036206875 40.1543 -0.755514 0.820162
62.44 67.13 40 -0.823294 1.15473
72.5 64.6 42.5 0.112368 1.2321
76.6047718417 66.2609077368 34.2809 0.553006 0.580308
79.9406898445 66.726949292 43.8492 -0.174947 0.661104
84.2055397783 67.1018338665 41.8589 -0.249891 0.62573
87.8180908986 66.5501495788 45.7426 -0.324524 0.520106
91.2371566724 65.3379707584 45.1808 0.162457 0.514683
95.55 64.1 43.7 -0.203179 0.953633
99.8859331047 64.5929665523 42.892 -0.105753 0.66158
102.7 64.2 44.6 -0.258307 0.974602
112.030654793 65.9467155579 47.3146 -0.126712 0.733011
116.5 65.5 46.4 0.139221 1.01713
120.489254724 65.2554858723 37.1995 -0.0945177 0.506619
192.870662285 65.5170719922 30.2 0.246327 1.03135
196.304105831 65.0688153147 31.2441 0.237949 0.675002
200.059832768 65.6779929131 32.2368 0.256895 0.699637
203.813453095 65.4930866055 32.2881 0.189042 0.636254
208.118209146 65.3628153069 31.5501 0.355779 0.623243
211.92803544 65.1008105863 30.2385 0.324438 0.319592
215.707426187 65.5026603745 31.4882 0.635928 0.508888
220.346071864 65.2902243183 33.0542 0.839152 0.508299
233.29 65.29 27.75 0.588708 1.34845
263.997267094 64.3186661325 35.701 -0.00829838 0.97392
267.662548948 66.2447031566 37.934 0.167335 0.598504
273.629067294 66.6531345887 37.8365 -0.111488 1.03181
276.302204895 64.3658778662 36.0269 -0.0314258 0.696554
283.469328939 64.2299616899 37.4908 0.0423985 1.02325
287.565775142 64.6633352671 43.8039 0.0184064 1.20223
293.247548608 64.1602862357 44 0.892515 1.0348
294.817575109 65.9518432174 34.5824 0.436492 0.72877
308.26 64.18 38 -0.351699 1.82825
322.55 65.62 34 -0.130966 1.64018
337.105167539 65.5744553545 25.5982 1.09189 0.248546
340.122542628 64.7217294671 29.1745 0.715436 0.0971823
343.309069756 65.5895398206 24.1557 1.25555 0.0536696
-1.18418323988 60.1651966654 30.0397 0.199488 1.03033
5.51396916079 61.0307797835 31.9348 0.311491 0.232841
7.93025304201 61.6006515251 35.0076 0.650828 0.135844
11.4482021629 61.1991747324 38.8658 0.0674828 0.197797
15.9581552714 62.3754057049 42.4655 -0.270504 0.33483
19.6697559081 63.0553394474 42.4511 -0.400819 0.469904
23.7025835072 61.968929248 41.9464 -0.546228 0.394675
28.4091446209 63.0137715342 47.5 -0.652227 0.665833
31.8609138905 62.9583127784 42.1597 -0.465383 0.636084
36.2 63.2 40.8 0.279172 1.18117
40.4 62.8 42.6 0.134162 1.23664
44.3 62.3 38.5 0.141461 1.11287
47.3862239227 61.11489398 38.653 -0.313411 0.559214
51.4856863761 62.434773267 40.0956 -0.347184 0.632915
54.6 60.2 42.2 0.297297 1.22361
63.8598183198 62.7470292398 39.6051 0.154042 0.574345
67.9201421796 62.704166152 37.964 -0.000615326 0.549541
72.6800688379 61.4601988205 37.9858 -0.188082 0.493258
75.9575725813 61.3992054463 38.6466 -0.0718545 0.362813
84.6 63.3 32.6 0.344912 0.712356
92.9536911055 63.8748065922 43.8072 0.157897 0.597706
95.6921984389 61.8636935308 41.9894 -0.0164569 0.33982
104.589853313 60.9 43.4468 -0.231505 0.67036
109.09236771 62.1214356611 41.7404 -0.137771 0.643893
111.907261771 60.5577281857 40.5485 -0.144358 0.625006
115.729193955 62.1843057978 42.1408 -0.175718 0.530859
120.6 62.3 40.7 -0.287881 0.886499
123.05 61.75 44.8 -0.187742 0.979792
128 63.2 38.8 0.0637524 0.84632
191.881501859 62.4036013295 27.0824 0.567438 0.952826
196.32374639 62.0406939652 31.5226 0.0818251 0.878723
199.954886613 62.0089614896 32.1218 0.179379 0.447976
204.456975926 61.3854763913 34.3382 0.0570896 0.416538
208.554885869 61.8505108077 36.4811 0.342259 0.640716
212.402379246 61.0202048953 31.4026 1.1554 0.525919
215.378474317 61.1240946549 34.0899 0.890723 0.222687
219.426804691 61.5668870469 34.4035 1.0806 0.393729
223.379176986 61.8013410669 33.3909 0.822702 0.466785
227.057057599 60.9513846621 34.438 0.931116 0.465543
231.277668567 60.0936028809 31.271 0.838499 0.872499
241.151470905 61.8244533214 32.9532 0.117076 0.360153
244.484869753 62.4940958744 35.5404 -0.0134795 0.27828
249.24 60.63 34.5 -0.469343 0.752877
265.929902696 61.0977497884 40.427 -0.47511 1.10366
268.242922554 63.1166469983 39.0175 0.0687328 0.556045
276.277091198 63.2908360442 37.0493 -0.219004 0.714803
281.130297051 62.7872833502 37.2489 0.127914 0.719491
282.088789515 62.4182302182 37.4182 -0.0490916 1.02101
288.0517 61.5849 48.6 -0.718623 2.36155
290.907673045 62.6417176732 43.763 -0.349211 0.746217
337.728664055 63.8776466879 15.8129 2.21389 0.315949
340.116775934 63.7607485506 20.4155 1.59425 0.20982
342.893976807 63.9584045742 27.4948 0.766885 0.174208
353.236637757 61.999555165 29.3067 0.307643 0.80307
5.41107716484 59.1255176006 30.7322 0.182657 0.668236
8.30772319447 58.021150897 33.5148 0.138083 0.143421
11.884733519 57.9933957821 36.804 -0.078263 0.200542
15.7212388807 57.6071499653 42.4083 -0.412328 0.297542
20.1182751181 58.0306912948 45.1396 -0.591075 1.55083
23.029612881 59.4997204864 30.0894 0.00753534 0.691453
26.9197861197 58.3504867599 44.9064 -0.613085 0.824205
30.317 59.767 48 -0.752745 2.32299
36.2789370225 57.8063465601 37.5882 -0.0243747 0.379975
40.3143705126 58.8244679468 42.2643 -0.362768 0.305252
43.5627692667 57.7742553918 44.1835 -0.598061 0.374586
57 56.7 39.5 -0.174195 1.14023
60.5874183231 58.5198759298 42.7065 -0.53343 0.804704
64.6859141293 56.8353683177 40.2867 -0.33475 0.823424
69.3 56.1 36 -0.683522 1.04178
71.3246207903 58.1393932644 40.2032 0.153931 0.824076
80.6284970057 59.1499027377 37.3764 -0.30775 0.624263
83.6099430442 58.12903586 37.968 -0.0471729 0.392091
87.3441805049 57.2713200911 45.5519 -0.747818 0.933771
100.215862075 58.2482205052 40.5898 -0.162675 0.349481
105.42 56.48 39 -0.428748 1.12579
107.14 56.27 39 -0.303262 1.12796
113.03 56.5 43 0.811871 2.07357
114.838481685 56.3628819283 40.4342 0.0531881 0.639501
118.05 58.48 42.5 -1.16719 1.22915
157 57.1 38 -0.252403 1.83413
159.729609719 56.9262717684 29.2903 0.75845 0.653884
199.735741875 59.5208675602 34.3079 -0.0175142 0.828646
204.593297611 58.6907452352 31.6935 0.330747 0.624891
208.005177111 59.3440287947 39.625 -0.241792 0.95751
220.535222013 59.7460825154 35.991 0.0405209 1.00646
225.101450808 58.941852861 33.0292 0.655587 0.737126
229.653129523 57.5061708457 34.6403 0.929821 0.439796
230.846768853 58.5263806863 36.1067 0.69563 0.302338
237.1 58.8 41.2 0.0516499 1.19051
241.325437634 56.7933260148 37.7456 0.920203 0.773465
242.882220939 56.4621637397 41.9865 0.394833 0.703608
265.913265344 58.7617346561 41.5287 -0.348278 1.13553
281.235374382 57.3382768198 38.5249 -0.16253 0.766337
296.341818979 56.9207335025 37.5565 0.292054 0.561889
298.41949015 56.4585871793 33.2407 0.176967 0.725903
353.529463475 57.0702124336 32.4125 0.439277 0.891421
355.731113867 57.6370056527 28.4736 0.654145 0.172293
-1.13369006134 53.3293335463 32.8147 0.150026 0.336919
8.78720558162 54.1267489247 30.9141 0.112491 0.210191
11.8432814042 53.8468638441 30.666 0.198374 0.19306
15.9597245296 53.2672101647 33.3921 0.0508627 0.2351
19.8905146947 53.2794589479 40.3627 -0.451234 0.287483
23.100599034 54.6499979572 43.6491 -0.594381 0.344419
26.793 54.904 45 -0.492316 2.18558
31.081 52.603 45.7 -0.5698 2.21096
37.1822408274 55.0341456018 48.4881 -0.656433 1.66987
40.7333651982 53.6022811047 45.504 -0.776781 0.433484
52.2242909733 53.4498196807 37.3394 0.279746 0.290889
54.2643756955 52.8237383999 38.149 0.223391 0.45428
60.33 54.78 38 -0.205317 1.09755
63.7933266585 52.9460305768 40.3192 -0.564552 0.560059
68.9649362394 55.035317864 39.9334 -0.0581432 0.581217
71.9210325491 53.4386073692 46.393 -0.688006 0.951339
78.18 55.2 36 0.0658225 1.0423
84.3278530591 52.6115257645 46.2931 -0.81977 0.636029
87.8446159292 53.5561569965 45.5751 -0.0503682 0.373299
92.0261873423 54.2314440309 48.3276 -0.0188584 0.444649
95.8209202051 54.8592283015 46.1424 0.416465 0.506071
100.001519062 55.3697784483 42.6453 0.372679 0.416619
104.12138399 54.4105990162 39.916 0.218629 0.256585
107.651810591 54.3012536118 40.2863 0.26319 0.38335
112.30067662 55.4326760707 43.9502 0.520165 0.372228
115.909332531 55.7581824621 48.5767 0.616888 0.477064
119.07202334 55.3055241789 44.1325 0.629438 0.652483
123.606052364 54.4801202144 39.9813 0.233733 0.43571
127.551076198 53.9917959655 40.4083 -0.0601468 0.407765
132.386244701 54.0124630767 39.0773 0.171847 0.426234
135.90886133 53.3073485538 37.4016 0.28435 0.333003
139.519906002 52.4397110485 34.8317 0.0321573 0.38001
157.842582181 53.2801089132 26.0752 0.746585 0.551976
160.17584183 55.6092386171 28.5272 1.28564 0.403732
185.8045 52.2027 43 -0.461265 2.08169
193.728997423 53.9976372477 40.2139 -0.29794 1.37155
195.942976756 54.7785663692 29.3466 0.450501 0.431608
199.5234 55.3493 38.5 -0.35889 1.85493
229.006775919 55.7412267554 28.9686 1.20712 0.601965
231.5 53.01 30.39 0.609664 0.88634
237.293959081 52.5714120831 29.9663 0.726009 0.509303
240.650042329 55.4819633987 38.5262 0.434565 0.4993
242.774765524 55.1217778401 41.8816 0.122873 0.606541
247.598716411 52.9548274761 39.8881 0.553523 0.481043
253.602705936 53.2875296474 45.9418 -0.704102 0.563193
255.516606953 53.5424302458 41.4985 -0.48181 0.382777
258.347217042 54.3144308093 34.5193 0.162685 0.533896
269.66454992 52.384625183 39.7158 0.127021 0.642821
271.273205281 54.1784688699 39.9541 -0.136179 0.950319
275.521512294 53.8171080908 40.0219 -0.159348 0.775471
282.273108526 53.6327163248 41.1844 -0.100892 0.746087
287.878141779 52.9147337709 43.3788 0.443229 0.868636
292.570586046 53.687242955 42.046 0.426291 0.694566
300.816792411 55.0923204633 38.1008 0.116604 1.28106
349.9932 54.2277 28.9 0.274511 1.40053
352.158284676 53.3774916387 30.8329 0.2567 0.181138
356.770214259 54.3901075673 32.1417 0.340345 0.188309
-0.312738127668 51.2944845723 36.0555 -0.112627 0.575061
5.18538293556 49.7652507692 32.0798 0.177517 0.263011
8.3562360784 49.7037532445 27.1178 0.783847 0.0709708
11.9623797628 49.9381938284 29.4484 0.683768 0.0947164
15.5315696213 50.040974731 32.3619 0.406719 0.133877
19.6358292805 50.8905940937 33.8875 0.129798 0.325043
22.9330885923 50.0419542768 25.4445 0.909066 0.388912
28.4178051068 49.4287439876 42.9229 -0.0202665 0.519567
31.8368486436 49.6299424701 46.1458 0.105291 0.465205
37.190336085 49.0877676223 41.2257 0.00506877 0.424605
38.2240396669 49.9406824027 42.5351 0.198166 0.715313
49.5077705128 48.7098386182 32.8452 -0.117156 0.824042
52.1203358449 49.7255816589 35.6116 -0.325859 0.303854
55.5977096354 48.3050013814 38.3337 -0.187576 0.722674
59.94 49.26 43 -0.354996 2.08249
67.9 51.8 44.2 -0.370142 1.2771
72.55 50.05 42.5 0.0683854 0.959925
75.2629290342 49.5578530427 48.1099 -0.252883 0.80664
80.751663415 50.9507128921 49.7995 -0.419577 0.775038
98.626602 48.0159 49.7 1.67547 2.41955
105.270075312 48.3697554606 44.3504 0.505761 0.812507
107.591548546 51.4038671367 38.5868 0.761144 0.51567
111.584557529 51.4901565239 41.7764 -0.122638 0.60588
116.979397245 48.8661098144 33.3105 0.561242 0.658369
120.3401784 49.684844124 36.9057 0.549254 0.385402
123.710803141 48.7716378487 34.3004 0.250031 0.463049
128.402850486 49.7859616238 32.689 0.126905 0.377826
131.25 49.47 39.22 -0.309849 1.13342
134.253836019 48.4622536611 32.7863 0.0163573 0.914623
140 50 30 0.552052 1.45042
143 50.5 36.7 -0.00798193 1.76698
183.3158 51.8823 36.8 -0.147226 1.77416
237.409392396 49.1577216303 28.7648 0.678019 0.342096
240.126211203 49.5620582389 32.6837 0.877608 0.225638
243.413241257 48.9237117892 34.9327 0.779919 0.309863
248.322516936 49.8254941591 43.3726 0.413498 0.301005
251.271855915 49.2994168873 41.5488 0.163785 0.384325
256.298657095 49.8185438627 43.1502 -0.130066 0.264102
259.660255832 50.0667636805 42.6793 -0.286342 0.310872
263.736074708 50.118294929 27.5513 0.793115 0.243213
268.460125356 50.0928231797 39.1162 0.396454 0.253215
272.007000729 50.0529595886 37.7768 0.545493 0.427495
276.909708896 49.1186966042 46.0638 0.58341 0.392091
279.844722446 48.9072239267 40.4167 0.235726 0.282155
284.164584456 49.8975066188 33.4177 0.552593 0.377655
287.627300444 49.3375427477 34.4175 0.579872 0.378957
292.375298885 50.1040170067 41.7711 -0.0631224 0.61804
297.1898 50.2872 38.6 -0.383573 1.85789
303.48511286 48.8194404443 34.6044 0.103372 0.265103
306.45 49.2 41.5 0.894274 1.20782
349.786227113 51.9493215263 31.6254 0.119856 1.08028
351.148199212 51.7690470997 31.1254 0.251439 0.464508
356.091837962 50.6627129289 29.5181 0.356891 0.239451
1.16671023881 45.3896918409 28.5437 0.423729 0.459235
3.66724551042 45.906335979 28.4002 0.869581 0.122607
7.17592805743 47.7537796713 26.162 1.14106 0.217956
12.0215167163 44.8847705556 26.3677 0.543959 0.462411
24.4261145524 44.3813706851 31.7267 0.221773 0.487239
28.0425967842 45.406834658 25.9872 0.829764 0.241915
33.0580792877 45.7837539968 37.9482 0.601001 0.608255
35.0913632431 46.3215988874 31.844 0.732672 0.243524
40.4 45.6 40.6 -0.650262 1.17271
45.4370709513 45.2538796446 41.7356 -0.168684 0.404928
47.5 46.75 42.8 -1.15375 1.23854
50.9029337101 47.5713998708 39.9996 -0.542917 0.492286
54.9171332831 46.2480293105 39.0561 -0.0626753 0.331529
68.5 44.5 44.7 -0.884355 1.29413
71.6441633465 46.0988762882 42.7356 -0.368911 0.806923
76.6225950908 44.7354902586 46.4514 -1.30979 0.876688
78.6 46.04 40.5 -0.0984026 1.94991
89.3458200547 46.6542791255 28.8911 1.46948 0.551828
90.73 46.49 45.48 0.749843 2.21177
100.341817344 47.1019906751 46.3598 1.42244 0.411143
104.500328738 46.7337919307 44.4957 0.805714 0.494231
107.890762043 46.3031424078 43.3529 0.732206 0.370794
110.752958987 45.0005750892 42.1974 0.480107 0.912413
116.815736156 44.94159012 38.4169 0.623889 0.350685
120.218780078 45.6876872919 36.1103 0.491696 0.183757
123.738972049 46.1053675285 33.9572 0.122867 0.216543
127.868232418 45.7052722895 32.4045 0.340189 0.153407
131.488829065 46.2183328429 34.4248 0.0898856 0.251475
135.683744894 46.2286397731 30.9272 0.57833 0.577307
142.33 47 27.65 0.204657 0.814909
237.687298867 46.1390614546 38.0092 0.411597 0.340359
240.058981061 45.7975105488 33.1594 0.8624 0.126394
243.772175358 45.3180209561 32.3557 1.43285 0.142719
248.159322101 45.6932232912 37.1239 1.59574 0.217055
252.172022217 45.9028775124 42.8334 0.663643 0.176873
255.797315343 45.8285790497 41.9543 0.463293 0.223948
260.424985879 45.8841025854 37.3133 0.258642 0.350295
263.877705293 45.9834353445 38.2218 0.0339659 0.324184
267.808762015 46.257272111 41.3263 -0.152865 0.31629
271.647433552 45.4027309238 38.8289 -0.200577 0.310871
276.163783821 45.8691721995 37.485 0.168357 0.36375
279.84816243 46.1896321945 38.7025 0.0858338 0.180409
283.766178076 45.4806819762 39.0187 0.132718 0.157927
288.419428354 45.3541923007 37.5705 0.248952 0.194181
291.259288313 45.3201431078 33.8539 0.0937612 0.207861
295.497216761 46.0226295093 41.3756 0.017283 0.611027
299.076693628 46.4427196062 40.1769 0.202069 0.999673
303.826956806 47.6605836262 34.6996 -0.11544 0.710288
357 47.8 31.5 -0.125955 0.916761
0.0227677131002 41.4380994522 30.0887 0.763118 0.260827
2.8498520082 43.8054377306 27.5761 1.09139 0.669567
9.11214734016 42.1289939776 30.3459 0.672817 0.43582
13.3549189839 43.1649629469 33.5884 0.353508 0.464445
15.8975380743 41.334373166 30.5005 0.608521 0.278122
18.3531899561 40.1171521773 30.2145 -0.0705376 0.611989
24.5398406345 41.3254652915 31.5001 0.443685 0.461793
28.1887261358 40.7024838966 31.2058 0.275015 0.171033
32.4079552647 40.9284262625 33.0506 0.871192 0.308205
35.0555898566 40.8697009454 36.5829 0.707242 0.358658
45.91 43.3452499592 45.22 -0.142293 0.929371
53.1111 43.019 36.5 -0.158689 1.20654
55.5102038763 41.7182916701 37.612 0.07546 0.263561
59.8687034626 41.5863840908 38.7749 0.15428 0.251823
63.94 40.18 40.2416 -0.27333 0.823522
66.6 43.2 40.7 -0.350811 1.17799
108.064574976 41.4766822119 42.9924 0.658888 0.215301
112.193204673 41.1571996692 41.9788 0.791534 0.18147
116.001900105 41.3149286763 38.018 0.564586 0.117844
119.794071266 42.2386786748 33.8792 0.360415 0.145721
123.958487714 42.2942588618 31.5677 0.283939 0.160294
127.444014548 42.675939546 32.1335 0.613904 0.205581
130.495481726 42.9527983087 32.4538 0.35659 0.640155
237.741337754 42.8304583142 37.0365 1.15005 0.458492
240.29310057 42.4875019965 31.5043 1.55156 0.112163
243.7027484 42.0222956261 33.5914 1.47365 0.134934
247.9276545 41.7911486192 34.5335 1.6524 0.160109
251.817527797 42.0325361691 41.6753 1.49969 0.232716
255.540036456 41.7571908209 42.3635 1.1143 0.238968
260.141243975 41.7097798019 43.687 0.126391 0.415352
264.212608204 41.9289833594 42.1709 -0.148592 0.323859
268.311389951 41.7403884619 40.1455 -0.182298 0.249274
271.924636887 41.6185048686 40.0505 -0.210205 0.303531
275.672162134 41.739949015 38.9606 -0.12187 0.275691
280.333004034 42.4522208243 41.2692 -0.191272 0.262619
284.211219408 41.6437437648 38.6131 -0.0983187 0.229244
287.551806331 42.3361819527 31.9533 0.235438 0.214619
290.365303 43.919701 28.25 0.340756 1.3688
300.15 43.94 35 -0.196712 1.68658
352.400471896 41.5215297398 30.5988 0.682889 0.157388
355.550979414 41.7663585297 35.0377 0.607234 0.210887
-0.139023988395 39.1424057181 25.1281 1.07091 0.382251
3.09527029074 38.8339729048 22.1534 0.754017 0.380684
9.15875242033 39.6078476064 30.46 0.360039 0.502775
15.2750114064 37.4883626548 32.7103 0.33863 0.457098
21.5063776199 37.4961361046 31.3259 0.394745 0.762995
24.6219569576 37.8199125945 27.4346 0.562267 0.266374
27.8725681834 38.0663580691 27.9822 0.796676 0.1517
31.6410177954 38.4242187862 33.742 0.968299 0.250368
35.0078325121 37.6667769346 31.4022 0.792422 0.358905
53.6962481507 39.6225850687 43.0758 -0.917248 0.814331
55.2959406909 39.0205022267 38.49 -0.0689659 0.281507
59.472673337 38.6478297067 40.6784 -0.0475041 0.235632
63.6138033945 38.7611237613 44.088 -0.0596228 0.343182
108.203767286 37.8330577162 42.3427 0.835652 0.160088
112.28569473 37.9743302577 40.2747 0.697249 0.114208
115.62459516 38.3831251382 34.1067 0.132731 0.105107
119.557846037 38.0162401362 32.6272 0.0599312 0.184977
123.524860137 38.8508864737 31.4437 0.111655 0.538466
127.730857937 37.2566980491 30.8919 0.397405 0.364059
237.572683604 37.8343137526 23.5853 0.917034 0.304924
239.763043343 37.8264321012 29.7009 1.14489 0.125641
243.938163795 37.9143189823 31.5962 1.38661 0.13921
247.390182613 38.4847547824 35.0433 1.55539 0.181459
251.646095886 37.799527188 43.4234 1.4676 0.227688
255.636321969 37.9127893443 44.5689 1.11167 0.179945
260.117094622 38.1468795371 41.7833 0.202177 0.337751
264.143310543 37.9986177752 41.528 -0.14545 0.327411
268.572793673 37.7009997392 41.9901 -0.243254 0.180392
271.835381865 37.5788891896 41.9144 -0.296402 0.158459
275.564257905 37.3576642118 42.3007 -0.173345 0.224786
280.301758731 38.1052305943 39.3953 0.00327483 0.341114
283.244957931 38.301081848 28.9306 0.308091 0.227295
352.266315018 38.1987299426 30.1073 0.450897 0.144313
355.623088064 38.5687568662 30.7701 0.778833 0.204542
4.10225512978 34.3995877053 38.0694 -0.16075 0.736765
8.72694367354 34.4788445263 35.1353 0.151524 0.392555
12.3283526147 32.3326255654 31.1176 0.5024 0.506288
14.6634801253 34.7917218949 28.4166 0.345913 0.804865
20.88 32.52 29.9362 0.500112 1.02429
24.6514316605 35.212592322 29.1081 0.88201 0.286031
26.9900481963 35.4658340936 32.9679 0.112821 0.934359
33.3131581075 35.0222358503 27.9518 0.845271 0.556745
35.6212896059 32.7051873367 29.8988 0.843403 0.358604
39.3993181367 33.6688339576 36.2766 0.305268 1.00934
43.6657770815 32.9413738199 45.3989 -0.977079 1.06768
108.601457078 35.1848988533 38.6508 0.569321 0.25689
112.21483091 35.2699356085 34.8337 0.473733 0.207574
116.242334677 34.1071287482 33.3302 -0.0446255 0.19871
118.759105102 34.1115799782 32.1917 0.109588 0.219605
128.421658328 35.3056088318 30.5412 0.281256 0.523186
133.350651518 35.3154863643 25.1136 1.00143 0.875648
240.881226812 34.5625532939 28.1078 0.769077 0.153999
243.754007695 34.071135509 29.2898 1.0369 0.0953615
247.954979553 33.9271287679 31.1247 1.15635 0.130772
252.307120317 33.7743818023 34.2804 1.50499 0.13271
255.801880198 34.1945690811 43.0546 0.804184 0.190796
260.444589702 34.2172989515 41.263 0.201268 0.315463
264.339730262 33.8828118039 32.6513 0.277484 0.253477
267.538496674 34.0626484245 33.0075 0.115792 0.157463
271.453665199 34.4429272007 38.7276 -0.118683 0.22795
276.089461744 34.2151608259 42.072 -0.161941 0.182172
279.673147223 34.2120112523 32.4656 0.0883844 0.182466
282.538239062 34.7965261536 26.5208 0.596048 0.361393
352.919272748 33.1140701621 33.6577 0.228035 0.28696
354.937156964 33.2344771048 35.3108 1.11123 0.253144
15.4947087109 30.0832065923 29.8843 0.468927 0.840417
20.5624287876 29.9322692399 26.0617 0.57847 0.90223
25.7383181918 30.6678748965 32.2066 -0.208736 0.570215
28.3461008746 30.4197946787 33.8058 -0.392573 0.46977
31.941561684 29.614592478 33.7934 0.403683 0.494625
35.3559710751 30.1404254927 32.1176 0.525382 0.109194
47.0045282128 30.3469097236 46.2976 -1.32588 0.606328
112.519564607 28.8772129885 34.1296 0.0970122 0.253516
116.107082796 30.2995868144 34.428 0.00118378 0.128933
119.832714559 29.9246923688 32.0099 0.202382 0.120963
122.211616911 30.441225771 31.4883 0.0730589 0.876905
244.7187119 30.1956276778 31.654 0.730698 0.488211
248.402931822 31.2311463307 25.9913 1.35529 0.426631
251.195381339 31.326284471 30.7724 1.47113 0.371884
256.321259373 30.305676205 38.6755 0.728153 0.296435
260.240510187 30.1290309628 36.3832 0.242124 0.320604
264.108702077 30.4086638169 33.0161 -0.0225757 0.276148
267.157081921 30.9976575736 28.1559 0.426337 0.62227
271.303264719 31.3094251749 35.3036 -0.0467897 0.468541
276.401614825 30.668641418 36.4873 -0.204596 0.346397
278.579134033 29.5206375375 35.3252 -0.173614 0.47384
349.9678 29.5781 31 0.193101 1.49677
352.094469274 30.5382505898 31.9427 0.989985 0.180444
355.390515088 31.4152651758 33.9321 0.852172 0.424233
5.55 24.06 40 0.957698 1.92851
6.11 25.01 30 1.2421 0.876139
14.45 26.08 30.44 0.606689 1.47225
23.13 24.1 36 0.154214 1.73649
28.6540966404 25.6391118502 36.6662 -0.0702996 1.24815
33.2177391967 26.0727285823 30.9314 0.426092 0.540218
36.8374744742 25.4903395148 25.3315 1.18464 0.157654
39.7012824763 24.9160322707 34.5463 1.04716 0.291653
43.1603399423 25.5546870479 37.7113 0.589798 0.430196
47.6609557359 25.0928578163 43.5931 0.143402 0.586219
50.9531128212 24.353054893 38.7315 -0.487931 0.699939
54.9484204938 24.6322942744 34.2373 -0.03589 0.741331
72.5406173704 24.5229806455 44.4885 -0.191994 1.5253
79.1109108554 24.103357434 42.2154 -0.320491 0.936723
109.404847902 24.9729743904 34.7421 0.260453 0.497062
112.182580109 26.1024773909 32.6613 0.274054 0.178958
116.206967357 25.8081662807 31.393 0.422291 0.133537
119.021974675 26.2128974919 31.3212 0.351604 0.144689
248.306853574 26.1109387757 24.55 0.783969 0.366032
251.396568006 25.9966249158 23.0378 0.951377 0.658481
255.327220179 24.9131405852 42.3185 1.11536 1.05127
260.920229664 26.60641761 31.0331 0.336749 0.756215
262.1071 27.5459 31 0.120207 1.49831
277.764297 27.6702 42.25 -0.526023 2.04452
278.940041159 26.6125801041 35.3058 -0.179894 0.568976
5.53 22.79 38 1.04195 1.82728
32.7104165656 23.5955157531 34.8761 0.268116 0.521504
36.7031743968 21.6086299847 20.9979 1.48499 0.553971
39.9620932847 21.6649046541 30.3514 0.901456 0.2766
43.6512688871 22.4539733591 37.6389 0.635205 0.321209
53.267757685 23.6147212969 31.373 0.159819 0.677686
55.9966831355 22.7977126519 34.2473 0.0660209 0.553769
58.7335798557 21.9849847466 35.4898 -0.0207163 0.85516
69.5590248172 22.8877773365 36.1069 -0.0288438 0.454098
71.8840963659 22.0653851266 36.8458 -0.056648 0.249092
74.947797242 20.9194902464 39.0052 0.206609 0.713849
79.3587243254 22.6905697811 38.8341 0.0412301 0.276493
84.8499959199 20.9446277372 39.9539 -0.240847 0.343845
86.9298944697 21.8803793084 40.0425 -0.38805 0.416162
109.027164937 22.5519212706 29.1446 0.360637 0.288454
112.060843484 22.5969991883 28.4408 0.410606 0.141611
115.730618964 23.3914591655 29.6011 0.347318 0.19547
250.186650292 23.2043380384 25.7824 1.03937 0.529829
255.312378266 21.3548943841 34.1991 1.18005 0.653688
261.200713871 20.730233016 35.8029 1.20235 0.356046
262.560005819 20.0789250383 42.7309 -0.117605 1.46
271.723809693 20.2261903073 24.2423 0.758992 0.849934
276.985865149 22.7815505693 25.7921 1.01867 0.572705
344.051133176 22.5634236183 27.9179 0.678192 0.373094
41.604609245 19.9190006479 36.9908 1.63764 0.891922
42.7150262487 18.7413327039 40.446 1.24146 0.345095
53.7037405399 17.2272760007 30.1641 0.821487 0.660304
54.3683335456 17.3797550745 31.2652 0.5912 0.505551
73.7144970205 17.5189255179 38.9559 0.0733878 0.313326
76.2569006344 17.7164561169 36.2043 0.391322 0.251593
78.9694438111 17.41486317 34.5806 0.313473 0.241047
83.3133532658 17.7089021772 32.3469 0.0322453 1.10447
101.340635765 17.1041734577 36.4514 0.29458 0.881108
105.143858518 18.423587686 31.2083 0.184653 0.53937
109.269663189 18.8672695892 30.5058 0.381857 0.347995
110.346543523 19.3965808933 27.9065 0.431635 0.350688
260.743736608 18.4004160471 37.5097 1.13351 0.260322
263.942448534 18.0777651907 34.3065 0.702379 0.189899
267.829625535 17.3556852536 31.7465 0.869936 0.884374
271.4 19.7262 27.3 0.449064 1.32585
1.7 13.14 41 -0.266064 1.97817
32.5556650458 15.5749898883 34.5282 0.253105 0.963335
37.45 12.56 39 1.72392 1.87808
40.5663158581 12.876306814 21.453 1.80485 0.189441
43.3107102674 13.704510214 25.6304 1.37292 0.225454
53.6223470403 12.5668527509 22.2093 1.145 0.242737
54.2432995599 12.554204372 25.0611 0.867596 0.615317
73.8218635909 15.4847728784 36.0039 -0.186678 0.87815
76.3396703062 13.738460177 38.8974 0.319994 0.142666
79.0059040241 14.4158798365 36.4235 0.122482 0.245747
101.320951785 14.3150964291 34.5171 0.184725 1.17678
102.352741711 12.7440645723 32.5878 0.268028 1.12597
109.148104199 13.553364003 27.8757 0.399842 0.956486
273.563742019 12.5844153797 31.9239 0.356801 0.402731
274.369631411 12.6776968913 32.9815 0.355115 0.920601
343.04 14.39 26.3 0.509752 1.27915
355.99 14.5 42.6 -0.278166 2.05631
8.21544164748 10.4121917258 35.1755 0.643853 0.633158
13.5733826268 9.02991629414 25.337 0.941498 0.521377
14.8486536366 10.4640342083 31.6555 0.410307 1.0807
29.2312959382 10.1427428101 40.1774 0.811504 1.29949
36.9659747667 9.12957668917 36.6727 1.67109 0.57001
40.1374367826 9.9388392285 31.0633 1.53134 0.149417
43.9785564013 10.3065899553 28.2035 1.30074 0.410661
76.887398136 10.0915488914 40.1922 0.0309031 0.207998
78.7174268856 10.8664675648 39.3092 -0.106862 0.449149
108.599377675 11.8590879665 33.6399 0.947387 0.811855
273.745 11.843 36.2 0.203149 1.74309
275.421238971 11.3786115599 33.6257 -0.00956715 0.614264
284.492425874 9.11840199773 28.4195 0.505325 0.996051
293.049302366 8.99383202785 40.4182 -0.336872 0.618529
296.034543649 8.9150708243 40.5728 -0.30721 0.344203
298.185 8.069 35.4 0.108741 1.70466
-0.187382774463 6.18315810227 41.4223 -0.142681 0.443802
4.5334 7.5334 35.0637 0.212897 0.955714
9.06404121208 5.23593472145 28.6887 0.750868 0.624039
12.5969395369 6.79786369309 31.9238 0.93893 0.375525
14.29 6.52 35.5 0.807746 1.70944
18.4801377912 4.83230317257 41.3878 -0.0235729 1.41345
36.6817095056 5.25695690836 28.7159 1.33602 0.365045
39.1986571888 6.49889623664 37.3586 1.60095 0.37443
80.693945711 6.85282393156 38.2407 0.0564373 0.753284
116.656231802 5.61749170937 32.5419 0.393458 0.161983
118.046523012 5.52795924851 34.225 -0.0378858 0.745938
292.703759489 6.44346629431 37.1811 -0.165707 0.809548
296.480619318 7.54170934508 40.8046 -0.310926 0.447312
298.317732578 6.80594759944 36.0278 0.173585 0.776484
307.127191799 5.07024513506 38.3175 -0.34009 0.826781
355.14 6.68 38 -0.235755 1.8329
9.87001423338 2.66509785448 28 0.370246 0.960131
12.2198273018 3.17047279414 44.843 0.00848842 0.972589
15.03 3.52 43 -0.0146793 2.07591
29.9 0.09 28 1.90421 1.35876
31.0527932607 0.911014725893 30.1395 1.44218 0.272159
36.0414565985 1.45496630113 30.2432 1.44042 0.151293
38.2632224106 2.07648912193 34.3253 0.751473 0.596754
101.22 0.36 27.45 0.620073 0.680181
111.359529164 1.86060068638 26.091 0.589611 0.428213
299.478616278 2.39769379662 44.2298 -0.490082 1.51664
308.123 0.905 37.04 -0.103833 1.78691
13.61 -1.66 45.6 -0.331522 2.2066
28.6716541834 -1.48658283917 33.669 1.08706 0.748553
31.9375548898 -2.15818969869 36.9675 1.00222 0.431923
36.1391798355 -1.76489831914 37.7715 1.29384 0.201817
38.2926542469 -2.79817269373 37.2598 0.950087 0.540189
104.801864421 -2.84165719769 31.9733 -0.140057 0.681707
106.867073639 -2.44610095206 31.4849 0.0791475 1.07438
111.665153896 -2.69515389623 31.4846 0.0737739 1.0744
115.861250328 -2.26628203868 34.7551 -0.19554 0.550046
132.808842695 -3.20482094661 32.1386 0.159847 0.899229
285.21 -0.17 28 0.537926 1.35851
286.68 -3.816 36.8101 -0.19178 1.25368
292.998111036 -0.121081193704 39.6241 -0.346334 1.35072
299.89488557 -2.59601849555 41.063 -0.412804 0.889144
305.524756561 -2.12737210567 41.4155 -0.435642 1.1557
307.941263972 -0.36 35.8015 -0.115165 1.22443
312.006511554 -1.64223006152 39.2241 -0.372026 1.09658
315.875 -2.897 43.9 -0.590888 2.12242
319.815621774 -3.53301127426 34.1902 0.116391 0.471767
20.84 -7.41 34.5263 0.700242 0.94254
29.6598964566 -4.86205032704 42.0421 0.296597 0.830809
31.4127830734 -6.23413611716 39.0333 0.907895 0.378646
35.831616515 -5.79135673747 37.4578 0.956205 0.341586
38.7370621538 -6.74941731377 25.2549 0.98284 0.913208
110.900083176 -6.41509469699 32.3505 0.119804 0.699063
119.752 -5.01410714714 36.4071 0.173723 1.24085
285.367209298 -7.31384297735 36.6327 -0.0725551 0.722163
286.25 -7.47 35.2 0.092635 1.69312
290.096730267 -5.54820044757 43.9827 -0.488299 1.22924
304.498761088 -6.02566892611 37.2391 -0.0602742 0.905333
309.811747953 -5.81087788759 39.784 -0.102295 1.35829
311.851350355 -5.87314547243 40.4709 -0.208873 0.446284
316.314471954 -5.29486361018 40.0404 -0.204934 0.397095
320.725199991 -5.53397852663 34.2157 0.32577 0.221606
323.41226681 -6.78296798881 32.3101 0.541065 0.179934
13.55 -8.64 33.1647 0.402213 0.698936
20.72 -8.45 38.1881 0.643098 1.03999
28.6672529962 -10.2466102085 40.469 1.01076 0.421026
32.9230766375 -9.797339522 40.3194 1.01293 0.190404
34.8743230034 -10.0821536242 38.511 0.949714 0.186817
130.67090844 -11.4963620292 33.6863 -0.0695462 0.621423
140.4141 -8.5181 27 0.443479 1.3121
286.09881402 -8.22598989515 42.2491 -0.313611 1.44105
293.787943372 -9.81845752922 43.6344 -0.475869 1.49419
295.929666748 -9.16514818381 44.9498 -0.56086 1.53815
301.613050545 -11.5002773223 38.0951 -0.0444917 1.30625
302.963367636 -11.4806747357 35.2949 0.134973 0.767201
308.708017465 -11.9719825349 37.5983 -0.0746925 1.28252
312.074842559 -10.3498419942 41.8318 -0.171975 0.49258
320.704563732 -9.69042427399 39.6562 0.211833 0.304381
323.455616956 -9.1830160739 34.9104 0.40936 0.202822
13.45 -14.91 37.5393 1.65003 1.27766
24.5631892463 -14.0853846247 39.138 0.975313 0.449811
28.2341070955 -13.7257192067 39.5709 0.963389 0.355807
31.2552416181 -13.2880782355 43.0748 0.734009 0.463315
35.2151290964 -14.1633069131 40.0752 0.375954 0.401959
39.25 -15.08 40.8855 0.258088 0.791383
48.6501331555 -14.1884898203 29.0563 0.821826 0.308023
50.1815356547 -14.5549448468 33.0882 0.219776 0.64004
128.76 -15.68 38.1 -0.30618 1.83904
131.741293323 -13.9439100576 39.5298 -0.66968 0.653422
136.783 -12.1874 35.6 -0.212825 1.71888
143.047717294 -14.7157139947 34.8364 -0.0553514 0.864629
293 -13.48 40 -0.0150372 1.15624
295.563 -14.895 30.2 0.32435 1.45843
300.636328463 -14.2522352216 41.4577 -0.0423424 0.704312
304.099677459 -15.5818423249 36.5368 0.00682544 0.784704
308.643003649 -15.1184715488 33.9514 0.227318 0.617143
311.842288276 -13.5221456209 39.7388 0.129034 0.307596
315.048557775 -14.6632525234 39.9831 0.232669 0.606348
320.777726493 -13.2339279672 39.0494 -0.0812398 0.426031
13.0337614355 -18.6395712171 36.9666 0.294582 0.297982
15.9946275454 -19.2799673335 36.1701 0.926669 0.425997
20.1825753125 -18.2276096106 38.3604 0.743539 0.687654
23.8706119698 -19.2425292913 38.5109 0.705261 0.654125
32.5469824651 -17.4577712304 37.8192 0.509343 0.544077
36.9729500523 -17.0133482411 36.0695 0.0990303 0.549349
38.99 -16.99 33.1 0.421034 0.961443
45.2244329307 -18.1765566252 35.9761 0.256996 0.766143
47.6340036599 -18.3667575524 40.0025 0.41789 0.383218
121.148711458 -19.4589739048 35.4846 -0.162424 0.430574
123.827011367 -17.6027364632 35.5163 -0.102821 0.308584
129.258491789 -19.8482371333 39.5421 -0.00935287 1.10304
132.187914508 -19.5481918999 37.5557 -0.0186554 0.504031
136.261552991 -18.5151515987 43.0578 -0.26271 0.265531
140.146447046 -19.1108444105 38.4897 -0.248587 0.284455
142.480021578 -19.6101905093 38.1191 -0.131378 1.31746
177.572156603 -17.7605991651 29.6975 0.298536 0.510019
179.007743344 -17.9287189779 23.7535 0.88245 0.348183
297.495585331 -19.3808039376 31.6776 0.451369 1.08326
300.447214481 -18.4271974207 38.984 0.140698 0.540415
304.238806789 -18.1942506299 34.5008 0.230425 0.398752
308.571045218 -18.2455407369 41.671 0.116999 0.515846
312.43540198 -18.4554199578 40.4331 0.341061 0.488633
315.903635487 -17.8794505089 39.8506 0.417322 0.860814
319.361614262 -18.575318934 36.7579 0.00689631 0.591476
13.7801149618 -21.1426703256 32.7673 0.146457 1.11959
15.9837518696 -21.8009267669 38.9767 0.972742 0.346121
19.7766652694 -22.7547436492 44.855 0.831635 0.638835
24.5173094492 -22.7991929738 39.8026 0.720117 0.601967
28.2746087799 -22.373008134 40.4116 0.762452 0.296734
30.7958985384 -22.1247151097 38.6608 0.415205 0.437718
34.8662434765 -23.3929766085 38.0226 -0.249845 1.05986
44.6902609904 -22.397458197 27.9635 0.953217 0.233822
47.1827702865 -21.8249660482 38.4072 0.42952 0.251529
116.873598693 -22.6730311054 34.4693 0.240337 0.330808
119.692165916 -21.4919031231 30.4676 0.452018 0.163918
122.845850928 -22.0208800598 40.9163 -0.195344 0.746909
129.230120249 -22.0257339312 42.0335 -0.19632 0.479666
132.301574906 -21.8693523821 41.6244 -0.0223088 0.238894
135.277287447 -21.39456326 39.3907 0.0146057 0.281044
140.37793516 -21.3789896443 41.5439 -0.29667 0.269082
143.460753981 -22.5091426212 38.216 -0.152862 0.314809
147.782115469 -22.1630007426 37.6869 -0.0979753 0.444009
166.454 -22.3073 26 0.527871 1.26704
300.078755486 -21.6550167211 36.3467 -0.105765 1.01942
303.925644483 -21.3102524945 39.3257 0.0153657 0.44442
308.308783418 -22.1217707 43.9166 -0.36625 0.395369
312.499701863 -22.543088631 39.4847 0.340044 0.273955
315.884171816 -22.2309024972 37.4384 0.273475 0.29456
318.725030484 -21.3817093147 35.3876 0.00152495 0.763454
17.07 -24.3 42.44 1.33756 1.22951
21.782303 -24.11351 39 0.713395 1.87884
24.4213169548 -26.5813332424 38.6469 0.96893 0.26607
27.5714586896 -26.0934592866 39.4954 1.03436 0.249601
31.0653341708 -26.256570105 38.4999 0.801541 0.480766
34.8488012485 -24.1867090812 39.7768 -0.359845 1.10745
45.0870689872 -24.8693088651 30.949 0.624815 0.495156
47.0514799372 -24.8253902499 35.4019 0.0304187 0.689697
113.66 -24.89 24.1 0.72676 1.18075
116.426738793 -24.8691448185 36.6645 0.0855019 0.273826
119.062825353 -26.0835898247 37.8021 0.199751 0.579055
123.970645793 -26.0655672454 43.6033 -0.170024 1.49807
129.112221146 -24.3981390523 44.3723 -0.123035 0.959847
132.622490307 -25.3554359594 44.2842 -0.18447 0.44707
135.383516344 -26.4332279639 42.0864 -0.33926 0.400743
141.017287503 -25.7420042693 38.1554 -0.239409 0.362295
143.834961675 -26.0600777131 38.4509 -0.214573 0.229103
148.144042486 -26.3310469169 37.0366 -0.00904368 0.389652
151.776842845 -26.5729833194 35.854 -0.663819 0.738199
300.655854509 -26.1674332542 41.9482 -0.458831 0.906557
304.727594519 -25.8755350002 40.1609 -0.261317 0.640299
308.029569548 -25.3136289369 42.474 -0.0227749 0.615376
311.936262822 -24.7189956335 37.8366 0.041452 0.556152
17.8376875634 -29.7774374789 41.3306 0.501805 1.02775
19.9066448451 -29.3297092435 41.2363 0.689868 0.442856
24.18250496 -29.3242343642 37.0632 1.04885 0.284297
26.9547301419 -28.4473953914 36.9679 1.00334 0.630808
116.647248254 -30.56586365 36.1736 0.179263 0.406123
120.580341 -30.3013433964 36.8797 0.1334 0.28743
123.461022577 -30.8104839696 40.7981 -0.196672 0.272202
128.06 -30.78 44 -0.458706 2.12706
131.331702033 -30.2710469901 39.6722 -0.651028 0.526124
135.90388988 -30.5903994566 44.9065 -0.525987 0.391803
138.609325123 -30.3769740365 43.993 -0.504783 1.228
143.43 -28.06 39.05 -0.317993 1.12782
148.15 -28.95 40 -0.965411 1.32347
301.826803421 -29.2969606843 39.5451 -0.373486 1.08246
303.912695409 -29.6701513181 42.9969 -0.562383 0.569908
307.148632068 -30.0697957985 40.2951 -0.0771839 0.645315
310.442 -28.61 38.13 -0.0583409 1.83728
20.9872293487 -32.7741048073 40.6321 0.537015 0.510222
23.4046599766 -33.450485635 36.3971 0.163449 0.371492
26.51 -33.31 35.5 0.353646 1.71148
116.590950937 -33.61391513 38.3583 0.132854 0.566353
120.330175037 -32.7512407645 38.8449 -0.0858736 0.474908
123.346039622 -32.8862791488 37.9415 -0.142223 0.376822
135.0909 -32.146 46.4 -0.498537 2.24952
141.3 -32.24 36.49 0.440124 1.05763
143.864339623 -34.0816888702 34.5302 -0.128719 0.441997
148.398621116 -34.4722829765 39.3999 0.189689 0.295431
150.969358076 -33.8210007414 34.1689 0.427171 0.450199
292.56 -33.5973608155 40 -0.864853 1.32303
144.804835825 -38.2101072765 31.6777 0.0490727 0.491481
148.112518394 -37.1276411503 39.0816 0.0907463 0.524121
298.021 -38.057 41 0.0218696 1.9834
145.106935121 -41.4296420698 23.6295 0.486462 0.608386
147.298829682 -42.1661113621 34.1389 -0.0689524 0.560547
290 -52.06 31.1 0.945496 0.908873
291.5 -67.3 36 1.00693 1.04442
