297.65 82.5033 29 0.25059 1.40475
14.1708426686 79.0700142825 32.8499 1.14714 0.675723
15.93 79.11 32 0.649192 0.931001
18.73 80.17 31.8 0.169315 0.925282
47.376292 80.768692 31 0.106303 1.49735
273.5842 80.0533 34 0.224282 1.63842
11.9205072961 78.9233216914 25.9622 0.677046 0.513088
16.2795566667 77.9125829897 33.5154 0.395947 0.38015
243.69 77.03 38.18 -0.363551 1.84
247.75 77.83 36 -0.17438 1.73769
263.5 78.4 38 0.307996 1.10206
240.725663597 76.2454421466 34.578 -0.075264 1.18051
244.51 75.78 39.27 -0.179161 1.89188
248.526950573 75.6856736713 35.2269 -0.624808 0.876597
251 76.4 38 0.359938 1.09919
18.99 74.502 28 0.359981 1.35807
99.5 73.3 42.2 -0.0132283 1.22187
249.5 74.92 36 -0.955106 1.04352
265.1 74.687 35 -0.167101 1.68362
69.95 72.57 42 -0.696662 1.21442
73.86 71.61 37.75 0.0906011 1.09159
94 72 42.1 -0.421289 1.21751
114.64 71.5 33.75 0.502514 0.980817
203.383 71.322 28.5 0.297099 1.38004
280.623442527 71.3295366594 42 0.333845 0.986919
303.86 72.79 34.4904 -0.138884 1.17896
334.882 72.88 25.7 0.706998 1.25236
18.9089595327 69.6320809346 38.7196 -0.315361 1.32168
21 69 33 0.73063 0.956971
24.0817126132 69.9299738317 44.8281 -0.241831 0.403564
28.0386894202 69.4666388417 44.0137 0.0801001 0.393619
30.1422358209 69.6147747739 43.7791 -0.0551025 0.529751
31.4347963924 69.2318103063 42.5784 -0.388563 0.503045
75.6749326199 70.5687516751 38.383 -0.20584 0.785839
78.42 70.25 39.25 -0.508736 1.13407
80.5637560616 69.5752059761 42.8479 -0.216498 0.746582
84 69.29 42.5 -0.258705 1.23253
86.5268435564 70.4244098901 41.7805 -0.623008 0.727127
88.2400821844 69.9405359576 43.2371 -0.34914 0.646732
89.5 69 48.4 -0.784252 1.0631
118.5 69.65 42.3 -0.447461 0.920923
124.5 71 43.6 0.23707 0.95215
126.79 71 41 0.843496 1.18954
174.5 69.09 33.4 0.108474 0.969656
175.23 69.45 31.4 0.100999 0.913836
196.98 69.73 27.78 0.0324924 0.817664
200.413 69.105 39.8 0.0671686 1.91928
209.387 69.836 32.8 0.0865352 1.58293
211.2462185 69.3997526984 38.5225 0.0660875 0.967968
215.576393908 69.7992564354 34.6839 0.0166903 1.18751
242.1942 70.7631 45 -0.629024 2.18494
266.4429401 69.5402995014 31.6466 0.0863882 1.08603
275.988561038 69.2884974268 40.7003 -0.0314601 0.786649
278.238881865 69.5754911609 39.3122 -0.11718 0.656603
291.41291 70.47433 34 0.204243 1.12698
12.96 67.88 20.7 1.52058 0.633367
13.827005602 68.3238674829 23.9893 1.17473 0.392368
18.51 67.38 43.6 0.0415563 2.1074
19.6115374234 67.9055137358 44.6752 -0.0909894 1.53068
22.1445097563 68.0486927464 44.6446 -0.0114776 0.399856
24.1705974371 67.7476428844 46.8662 0.0746723 0.557803
26.6904623649 68.7137442327 44.7675 -0.0637433 0.65916
30.4925812816 67.8327597741 42.6126 0.445597 0.505048
31.7439520945 68.4557838595 42.5204 -0.147814 0.410235
34.057202066 68.0269769395 43.2215 0.155634 0.497459
35.8576607272 67.3532327315 37.8639 0.484958 0.448297
50.5 68.1 40.8 -0.191822 0.889161
51.7 68.1 42 -0.378471 0.916739
53.1 68.15 41.6 -0.561104 0.905435
56.4053231281 68.3753326955 39.7467 -0.534606 0.612049
58.2 68.5 40 -0.338777 0.871011
60.3 68.6 41 -0.282135 0.894029
62.44 67.13 40 -0.823294 1.15473
73.33 68.57 36.25 -0.264985 1.04873
75.8113368393 68.3488164867 37.4216 -0.0850176 0.625857
79.6 67.2 42.9 0.0408714 1.24709
82.5855211796 68.8891408847 43.7434 -0.530132 0.761949
84.4552871001 68.1002319547 41.8264 -0.314125 0.555394
85.72 67.5 45.72 -0.435936 1.32666
110.4 68.1 46.6 -0.222086 1.02113
173.76 68.72 34.95 -0.142618 1.01261
193.561456113 68.6187605568 31.6463 -0.262253 0.651621
203.387 68.713 38.8 0.0458455 1.87326
209.319 68.966 44.6 -0.304186 2.16126
267.435819546 67.826175127 39.8219 0.072623 0.839973
269.938267227 68.0898663864 35.7013 0.0148649 0.973786
276.676113985 68.551216367 38.0635 0.0175195 1.03755
286.803268091 68.9217319088 43.7692 -0.0904949 1.19994
288.412 68.4619246494 44.2106 -0.0428263 1.05544
14.735 66.285 44 -0.0123401 2.12903
16.4990219084 65.2624657206 38.8433 0.228805 0.580544
17.37 65.17 40.5 0.091701 1.17309
20.1280817491 65.7064616497 43.0279 -0.334771 0.812201
21.8196084156 65.9154896433 43.5213 -0.531573 1.21679
24 66 40 -0.620569 0.871111
28.61077844 65.17910448 47.5 -0.515889 2.30827
30.5419042239 66.3309417924 48.2509 0.150631 0.768269
32.01 65.22 38.3 -0.295837 1.10703
33.5502182491 65.070940553 37.5925 0.0978096 0.770245
37.7864021172 66.8824354417 35.8576 0.528854 0.734954
39.8 66.43 36.49 0.308607 1.05777
42.0481339744 66.0593301278 36.5988 0.0763423 0.74952
44.0795523611 65.8068847384 31.3161 0.586298 0.528004
45.9788878431 65.6159700138 30.8321 0.973222 0.638053
47.6154741807 65.4043255534 33.9636 -0.148227 0.696588
49.97 65.55 38.54 -0.395046 1.11335
51.34 65.41 37.78 -0.457241 1.0933
53.72 65.2 35.7 -0.179569 1.03349
56.48 65.04 40.68 -0.964026 1.17499
58.3066541874 65.7855690405 40.0299 -0.90886 0.819396
60.64 66.61 40.31 -0.643542 1.16252
75.7 65.7 40.8 0.578913 1.18429
77.3 65.4 29.9 0.876958 0.87563
80.0738550216 66.5420483261 44.2202 -0.259304 0.779674
83.1 66.5 40.7 -0.0556808 0.88801
87.4838321726 66.7404460053 45.8438 -0.343817 0.566543
89.975542453 65.3497324889 45.2 -0.0911374 0.926855
91.4314829975 65.8629659949 46.132 0.0314592 0.716412
110.6 66.1 47.8 -0.461004 1.04817
113.4 65.8 46.85 0.193254 1.02547
116.5 65.5 46.4 0.139221 1.01713
119.9 66.82 35 0.324371 1.01459
192.073 65.56 30.2 0.192632 1.45733
193.671 65.474 30.2 0.300202 1.45977
195.352 65.708 30.8 0.446588 1.48849
198.228909189 65.9477889863 29.2488 0.322832 1.00193
199.349 65.501 30.8 0.345424 1.48589
202.075639671 66.0565478702 33.3021 0.189179 0.805409
203.551 65.528 31.4 0.140292 1.51571
205.741845634 65.9558501306 33.2495 0.289184 1.13423
207.903072136 65.5390712403 30.4982 0.447959 0.852665
210.14232131 65.3202206427 30.0325 0.436632 0.838939
211.737572297 65.5089876799 31.6699 0.11691 0.477824
214.626215587 66.0550514523 32.8625 0.513973 0.796325
216.555186318 66.0636825558 28.9061 0.585641 0.991154
218.397884978 66.2882770111 31.0311 0.654298 0.86812
220.064 65.448 36.8 0.809856 1.77256
221.691862966 65.3604657416 34.8911 0.617798 1.19101
233.29 65.29 27.75 0.588708 1.34845
266.874836683 66.3970884632 38.032 0.254267 1.03867
268.921722631 65.2147226309 36.3679 0.123166 0.991989
273.629067294 66.6531345887 37.8365 -0.111488 1.03181
294.288326182 66.1433398932 35.0021 0.361672 0.955964
295.55194 65.68613 34 0.540309 1.12608
322.55 65.62 34 -0.130966 1.64018
336.385171567 65.8917885213 26.2719 1.106 0.384952
338.037551665 65.6108536408 27.4149 0.914595 0.257756
340.544132466 65.6286128794 28.8158 0.412412 0.811538
342.428045367 65.8706281517 22.6921 1.2736 0.159582
343.337921043 65.7029195899 22.5595 1.35435 0.0615393
345.28390924 65.2970530028 32.9528 0.331568 0.386573
8.76984144883 63.1262158248 34.4863 0.226283 1.17531
9.84469772558 63.2281540256 38.5607 -0.0171545 0.59598
12.0991596813 64.336398855 36.8241 -0.0066044 0.894704
14.0287472324 63.8338708286 37.5579 0.263956 0.650529
16 64 38.8 -0.282281 0.844436
18.220392499 64.0896664342 43.1434 -0.507618 0.712159
19.6214388847 64.2400254663 40.5424 -0.0678801 0.468064
21.7974793076 63.4717822018 42.1783 -0.425559 1.04898
24.5399392294 63.3753545223 42.5 -0.401967 1.45288
26.0044631578 63.6850140116 41.6989 -0.371533 1.17013
27.7671281211 64.3725391432 47.5 -0.611971 1.03315
29.786436349 64.0939966443 46.7091 -0.208004 0.663424
32.3 63.5 39.7 -0.351453 1.14787
36.2 63.2 40.8 0.279172 1.18117
49 64.8 34.5 -0.0375385 0.99971
52.26 63.3 39.6 -0.487636 1.14545
54.3272707827 64.3127264365 41.7173 -0.744666 1.03418
56.33 64.91 39.4 -0.422585 1.13766
62.21 63.83 42.16 0.131635 1.22132
64.06 63.45 40.55 0.0970972 1.17416
65.27 63.2 36.87 0.0923377 1.06881
69.4 63.4 39.4 0.00134266 1.13968
72.5 64.6 42.5 0.112368 1.2321
75.6 63.8 41.8 -0.0267999 1.21091
84.6 63.3 32.6 0.344912 0.712356
90.77 64.96 43.39 0.561791 1.26084
92.2987254552 64.0805098179 44.1829 0.190566 0.771577
93.2323332945 63.7979169093 43.5046 0.171885 0.759385
95.55 64.1 43.7 -0.203179 0.953633
99.8859331047 64.5929665523 42.892 -0.105753 0.66158
102.7 64.2 44.6 -0.258307 0.974602
109.8 63.7 43.7 -0.20416 0.953871
114.45 63.2 42.05 -0.0683738 0.916612
119.7 64.9 39.9 -0.192874 0.868976
121.5 64.6 36.3 -0.267391 0.790462
128 63.2 38.8 0.0637524 0.84632
191.03 63.3 23.3 0.910968 1.14501
194.627 64.565 31.54 0.152516 1.52192
195.961 64.994 33.2 0.104791 1.60045
197.761 64.638 30.8 0.157936 1.48817
199.91354655 63.8504712889 32.9043 0.143095 0.794831
203.60388662 64.0668654043 33.5955 0.0975532 0.934818
205.892928543 63.7517869416 31.9777 0.272833 1.09104
207.790595152 63.6708954528 31.4799 0.368281 1.07641
210.088858161 64.3765370559 30.8124 0.308322 1.05537
211.997908635 64.7278584538 28.2603 0.537688 0.685552
213.569653096 64.5243834237 30.0623 0.532633 0.667685
216.125854639 64.1203436298 30.8792 1.12202 0.863628
218.048338873 63.5461257423 30.2 0.824992 1.03208
220.61 64.07 33.25 0.515549 1.60205
221.940832368 64.0314310654 32.7772 1.12402 0.715094
224.11 63.6 33.25 0.562078 1.60467
241.55 63.5 30.6 -0.0167648 0.670642
263.997267094 64.3186661325 35.701 -0.00829838 0.97392
268.375501611 63.2318986922 39.0661 0.105261 0.652259
274.911209319 63.7750944655 38 -0.226811 1.03663
276.302204895 64.3658778662 36.0269 -0.0314258 0.696554
281.864702669 63.293775686 37.4183 0.0578934 1.02181
283.469328939 64.2299616899 37.4908 0.0423985 1.02325
287.565775142 64.6633352671 43.8039 0.0184064 1.20223
291.865024605 63.8480920001 44.2949 0.0639739 0.798768
293.65601 64.23484 44 0.980949 1.4623
308.26 64.18 38 -0.351699 1.82825
338.474824664 64.4781034737 23.1671 1.16521 0.125078
340.456356737 63.9293453526 24.4192 1.13026 0.292591
341.902490711 64.2952644268 30.9587 0.778642 0.117576
343.461696 64.4350144074 31.8703 0.694515 0.136521
4.76046167024 61.0586149893 30.6542 0.136863 1.04726
6.00330529813 61.4188668919 32.0708 0.477211 0.220718
7.98758206659 61.8987723512 34.1004 0.821607 0.204963
9.86879967207 61.8017617439 38.9515 0.505538 0.302242
11.6595040554 61.684228881 38.6409 0.388374 0.430821
13.8048339452 61.6793243871 42.4824 -0.0259467 0.764459
16.4682992417 61.5341450688 45.8013 -0.476133 0.62631
17.3556309496 62.2521650734 46.3151 -0.417501 1.03184
22.5029615021 61.5525282656 47.5 -0.673978 1.33524
23.5389452045 61.7657271898 40.807 -0.557025 0.470508
25.6179358256 62.7309759974 47.5 -0.626811 1.33262
27.4430433565 62.850640965 47.5 -0.673126 1.63293
29.6136444242 62.664202784 47.5 -0.671049 0.940783
32.7175509624 62.5955373277 39.7042 -0.513143 0.983218
40.4 62.8 42.6 0.134162 1.23664
44.3 62.3 38.5 0.141461 1.11287
48.0219760721 61.6867410409 39.7758 -0.252875 0.813373
50.25 62.43 40.04 -0.474725 1.15943
51.2 61 40.3 -0.0493328 1.16617
66.1 62 38 0.314759 1.10165
68.1299977001 62.7300739184 37.3029 -0.1528 0.763062
70.64 62.24 39.25 -0.153838 1.13609
72.38 61.84 38.85 -0.339529 1.12305
74.0665231221 61.543373685 37.0446 -0.228996 0.49254
76.1 61.85 38.1 0.228621 0.830321
94.4924465006 62.4048241259 41.5241 0.012047 0.566127
96.2487229716 61.9735720697 41.7522 0.064648 0.514184
116.8 62.9 41.1 -0.168371 0.896531
120.6 62.3 40.7 -0.287881 0.886499
123.05 61.75 44.8 -0.187742 0.979792
195.895894219 62.3416621438 30.8 0.13316 1.05108
198.127519977 61.7864710096 31.9573 0.134913 0.891108
200.525 61.71 33.8 0.0442289 1.62814
201.771323569 61.8011718281 31.4226 0.287525 0.75882
203.746185294 61.8532369025 33.0994 0.186128 1.12923
205.146 62.182 36.8 0.25881 1.77616
207.791 61.2 38 0.593332 1.83371
209.253 61.434 35.2 0.160923 1.69842
212.071838089 61.3670880367 43.9051 0.88499 0.893789
214.613684756 61.2431076432 33.1148 1.19803 0.306419
216.073218815 61.4129988844 39.2685 0.487947 1.09466
218.224086602 61.7445351436 33.498 1.10267 1.1429
219.308741176 62.0626851453 31.7231 1.0418 0.768823
221.998474011 61.5786496944 33.1912 1.27356 0.803047
223.664062432 62.0868783634 31.8689 0.749488 0.770442
226.65 62.23 33.5 0.897594 1.61597
227 61.52 37.05 0.702351 0.80657
240.03 61.17 33.4 0.219804 0.728965
241.867366042 61.2456754997 33.8359 0.176182 0.426135
244.422038044 62.7410746844 35.9843 -0.0358323 0.391844
245.381665813 62.5739088805 35.8878 -0.0855279 0.471525
265.929902696 61.0977497884 40.427 -0.47511 1.10366
267.890320675 62.8101282699 38.8882 -0.028416 1.06371
277.515246131 62.8518618091 36.1875 -0.211928 0.986969
280.408106769 62.2892154792 37.0824 0.19677 1.01327
282.088789515 62.4182302182 37.4182 -0.0490916 1.02101
288.0517 61.5849 48.6 -0.718623 2.36155
290.121 62.851 44.8 -0.601671 2.1671
353.236637757 61.999555165 29.3067 0.307643 0.80307
4.93 60.49 28.6 0.291246 1.38396
5.95856804509 60.1365970847 33.9169 0.251615 0.246661
7.63890339012 59.741902248 37.7463 0.438007 0.313125
10.0333925966 60.1884314348 36.5868 -0.00797044 0.248662
11.912430391 60.1093824808 36.4583 0.0355724 0.33636
13.47632913 60.1970562681 43.2131 -0.238649 0.693022
16.4195822133 59.7377112304 44.1216 -0.526125 0.548476
17.6855785259 60.1133439995 43.9802 -0.595704 0.75256
19.99 60.18 39.5822 -0.425624 1.3505
22.9038588593 59.8106882094 28.578 0.0758891 0.740342
24.38 59.4633 43.7 -0.620824 2.11553
30.317 59.767 48 -0.752745 2.32299
38.37 59.8 43 -0.383649 0.938685
39.4771067425 59.409157303 42.0317 -0.435339 0.529012
45 59.57 39.13 -0.599623 1.1293
46.21 60.26 37.27 -0.385127 1.07726
47.45 60.96 38.04 -0.349438 1.10129
54.6 60.2 42.2 0.297297 1.22361
61.4 59.5 44.1 -0.507497 1.27424
63.5 60.6 39.6 0.299165 1.14683
73 60.7 42.1 -0.0270169 1.21866
76.3453329211 60.6362644034 37.3225 0.0578305 0.764521
77.7209767689 60.1599311509 39.8736 -0.253677 0.816353
80.2742434833 59.2289843997 37.7333 -0.0186335 0.771553
96 60.7 43.7 -0.312311 0.953463
98.348975347 59.9648182276 41.3765 -0.168667 0.616415
99.08 59.38 42.05 -0.283845 1.2154
103.8 60.9 43.2 -0.372346 0.942076
105.4 60.9 43.7 -0.0870457 0.954102
108.5 60.8 40.1 -0.0821968 0.872733
110.2 60.7 39.6 -0.0077677 0.861966
113.8 60.4 41.6 -0.295788 0.90758
115.9 60.3 43.4 -0.2986 0.947405
193.799 60.385 35.6 -0.206158 1.71823
198.314920275 60.0768894468 32.0778 0.0669733 0.897212
199.70623958 60.0015403444 33.9705 0.0588328 1.16025
202.219246413 60.0625653841 34.684 0.0640055 0.837386
204.79875838 59.9837200812 35.5196 -0.220644 0.611044
205.892526459 60.2893655586 34.4121 0.269702 0.961426
208.846283512 60.1840545656 43.4839 0.217275 1.08919
210.001940846 60.262411481 36.348 0.135913 0.881175
211.667 60.858 37 -0.185222 1.78398
214.710482959 60.7051156294 29.5065 0.81175 0.472341
216.284105562 60.5796641703 36.2846 0.396741 0.877961
217.802795077 60.5925173372 36.5911 0.8907 0.462897
220.071254941 60.0132457552 36.0947 0.548027 0.713933
222.5 60.83 33.5 0.834467 1.6145
224.242954247 59.944956075 38.3179 0.64339 0.846021
226.483600384 60.5842444231 33.7374 1.0008 0.670761
227.654215356 60.0870552782 31.2564 1.02009 1.06962
230.347811018 59.7430778308 35.4156 0.840927 0.650567
232.123313711 59.9080024928 34.2467 0.539812 0.532176
233.05 59.65 32.25 0.598136 1.55545
249.24 60.63 34.5 -0.469343 0.752877
290.0088 60.022 41.8038 -0.466007 1.44066
358.81581676 60.1651966654 30.0397 0.199488 1.03033
6.46542017931 58.2842200455 28.6411 0.327357 0.614084
7.8538889314 58.5214367023 35.2952 -0.115286 0.277918
9.75821793744 57.8134351227 29.0797 0.397926 0.432325
12.2594141568 57.9531665487 39.7911 -0.181883 0.37017
13.7839572304 57.6642630907 42.1903 -0.282148 0.501814
16.1408156299 57.3538188003 45.084 -0.587342 0.828017
17.01 57.29 48.6 -0.830412 2.36916
22.2905 57.6287 43 -0.545749 2.07614
26.7268935452 58.4202180084 44.2906 -0.584972 0.876607
28.39 57.819 49.6 -0.827359 2.42012
36.2789370225 57.8063465601 37.5882 -0.0243747 0.379975
40.693823337 58.8030883315 41.1815 -0.0789844 0.634817
41.9688634384 58.0322470109 42.0167 -0.423914 0.428959
43.6262575969 57.9452182175 44.6415 -0.686002 0.670314
60.7 58.5 43 -0.735867 1.24446
63.3 57.4 40.8 -0.292905 1.1803
70.8 57.3 41.2 0.147338 1.19522
71.8 58.9 39.3 0.159904 1.13774
81.8811052218 58.6954362704 36.6124 -0.3785 0.690306
83.7093507028 58.189157327 37.671 0.0245887 0.464164
85.33 57.06 42.73 -0.591625 1.23951
87.47 58.54 46.7 -1.55218 1.35379
100.242151597 58.2129778577 38.8571 -0.269657 0.578798
101.5 57.16 41.23 0.00659903 1.19359
114.05 57.52 36.7 0.372464 1.76774
118.05 58.48 42.5 -1.16719 1.22915
157 57.1 38 -0.252403 1.83413
158.6 57.8 32 0.0738449 1.54331
159.9 58.7 31 0.257252 1.49722
204.56071194 58.4598102335 31.094 0.622621 1.06192
207.606 58.61 37.4 -0.308072 1.80205
225.387510085 58.4224404542 28.9833 0.59258 0.992779
229.995263224 58.0597515202 36.2698 0.788389 0.385348
237.1 58.8 41.2 0.0516499 1.19051
265.913265344 58.7617346561 41.5287 -0.348278 1.13553
281.881255309 58.450947629 43.2402 -0.24494 1.18525
294.069510305 58.6940257615 37.5637 0.129394 1.24323
354.478288948 57.7377898909 29.1021 0.528104 0.445302
355.836154796 58.0126781767 27.4073 0.695818 0.222366
8.6026472143 56.0422830697 30.9053 0.192209 0.365649
9.55579046197 56.2173104196 30.702 0.240809 0.224225
12.0943726558 55.8069896023 33.6326 0.0207474 0.364731
14.34842582 56.0085295544 37.2112 -0.104045 0.367967
16.1719767517 56.5917973604 41.6304 -0.484587 0.582801
22.3474043967 55.4661500409 43.1911 -0.714353 0.448517
23.7858631648 55.5667763867 46.5213 -0.65429 1.12873
25.8422 55.1669 49.9 -0.735448 2.42921
36.569 55.114 49 -0.68535 2.39013
40.89 55.48 48.44 -1.4061 1.40893
41.35 56.26 48.44 -1.35479 1.40372
44.3003116281 56.699844186 49.1 -0.570751 0.763063
53.97 55.13 39 -0.449744 1.12866
57 56.7 39.5 -0.174195 1.14023
58.56 56.43 39 -0.127539 1.88078
66 56.3 39.8 -0.374426 1.14931
68.4 55.3 40.2 -0.180538 1.16362
69.6075702155 55.8436914871 35.4874 -0.146173 0.727297
78.18 55.2 36 0.0658225 1.0423
87.6651897719 55.9301831846 45.9776 -0.0371401 0.945088
89.03 55.14 47.48 0.490409 1.382
98.1 55.1 45 0.419026 0.983489
100.068636159 55.403500284 42.4606 0.351622 0.535351
102.117530927 55.986907847 41.8513 0.15763 0.402761
104.012240668 55.555667753 42.7625 0.141049 0.582529
105.902351199 55.9389052674 39.9204 0.225224 0.543006
107.595967316 55.930268212 40.4059 0.224718 0.549536
110 55.9 45.4 -0.118824 0.992533
112.023576061 55.9 46.9013 0.567129 0.593423
113.968667605 55.8397038047 42.0197 0.564602 0.446076
115.845541556 55.8635712635 47.6794 0.338555 0.554699
118.282401182 55.6327430363 46.2095 0.684309 0.584362
122.2 55.4 40.4 0.34152 0.880383
123.3 55.3 41.7 0.187441 0.910021
160.235557905 55.808790491 27.841 1.31935 0.381709
197 55.1 35 -0.43081 1.01375
199.5234 55.3493 38.5 -0.35889 1.85493
205.816 56.559 30.6 0.218281 1.47774
228.75 55.6 27 1.21112 0.795899
229.872633461 56.4627328662 34.366 0.996346 0.425921
240.475697063 55.4771252436 38.8015 0.395988 0.562292
241.889659763 56.261498257 39.8257 0.608155 0.47204
243.050674718 55.9560724606 39.7466 0.490183 0.814278
272.348 55.987 40.9 -0.485532 1.97325
280.771413596 56.5390031422 35.1378 -0.103331 1.00456
282.254513194 55.2768802094 47.3534 -0.32748 1.30296
296.426481175 56.4899651488 40 0.212526 0.818352
298.149261714 56.4485479751 33.5074 0.293962 0.584711
300.816792411 55.0923204633 38.1008 0.116604 1.28106
352.050024192 55.0484836041 29.4181 0.328773 0.822256
353.61867035 55.5423080487 26.4405 0.60945 0.748805
356.172684677 56.1948716966 31.0684 0.598203 0.24703
357.447577982 55.4047508231 34.0153 0.174677 0.525246
-0.498644037758 53.699593407 31.0003 0.142718 0.864287
8.27910460048 53.8235207185 31.3711 0.0699601 0.758422
10.0293804566 53.9617622179 28.9091 0.290247 0.366782
11.950586916 54.166633102 31.7655 0.0715168 0.629045
13.3896040671 54.4570243393 32.659 0.0224432 0.602964
16.0959317603 53.4578107313 34.121 -0.0175582 0.421377
17.5050667991 53.4509086168 39.4925 -0.302277 0.576757
19.853045674 53.6432116005 43.481 -0.510454 0.552264
21.9361460066 53.602948523 42.3286 -0.40867 0.777004
23.5441763453 54.3693880165 44.2313 -0.522756 0.629124
26.793 54.904 45 -0.492316 2.18558
37.767 54.958 48 -0.62886 2.33397
40.4467689079 53.6697033126 45.5797 -0.749404 0.562941
42 53 43 -0.321553 0.93751
51.7701996725 53.7560944703 36.5204 0.325167 0.413148
53.993637931 53.8292559427 38.3536 0.243233 0.641459
55.8 53.91 46.7 -0.891595 1.35529
60.33 54.78 38 -0.205317 1.09755
62.1 53.04 43.3 -1.12072 1.25091
65.8 53.8 40.8 0.000512005 1.18223
68.5745839923 54.4423600128 43.5933 -0.313147 0.893512
70.7 54.1 46.8 -0.8127 1.35734
83.45 53.21 40 -1.07485 1.15574
88.0264654544 53.3646323388 44.4936 0.0958009 0.561215
89.9794573906 53.9633392593 47.2559 0.115585 0.64722
92.0113785651 53.9998719982 47.9116 -0.390687 0.719297
93.8705324471 54.6005256125 48.7314 0.355743 0.618612
95.6167465036 54.8527910839 46.1802 0.299263 0.715423
97.1 55 44 0.539491 0.963434
104.165045793 53.9073959064 38.3739 0.391412 0.509089
109.35 53.4 45 -1.0228 1.30393
112.48 53.15 42 0.758069 1.21495
122.280007013 53.4829443572 34.835 0.247489 0.968313
126.0908836 54.6575067865 41.1764 0.15838 0.562253
128.133736961 54.1570546337 41.4758 -0.155411 0.566021
132.033753391 54.0863382893 39.278 0.163513 0.494819
134.089340978 53.7014340924 38.9602 0.522076 0.489897
136.136761984 53.2581260714 37.4461 0.0229189 0.471313
157.945921412 53.4749782379 26.2035 0.744125 0.55658
160 54.9 31 0.972102 1.49786
193.94465067 54.0952054827 37.3299 -0.162866 0.902234
196.010416497 54.8087375556 26.7694 0.778551 0.520002
231.5 53.01 30.39 0.609664 0.88634
236.81 53.01 35.6 0.733629 1.03145
242.7 54.67 44 0.00969788 1.2739
243 54.7 43 -0.486553 1.24439
246.650035685 53.2203568532 37.1903 0.56296 0.642075
248.75 53.03 41.6 0.546782 1.20347
254.103234433 53.3752412886 42.5377 -0.615247 0.466587
255.801902504 53.9684950567 41.6752 -0.31124 0.523935
258.274031889 54.2363199089 35.0157 0.153955 0.516586
270.122 53.843 39 -0.194281 1.88327
271.35861 53.52785 40 0.0504554 1.32626
274.547 54.988 39 -0.359489 1.88135
275.08738 54.47918 38 -0.109376 1.25848
282.0263 53.0535 39.5287 0.00608308 1.08192
292.33 54.49 38.1 0.741586 1.10303
293.1668 54.8324 44 -0.0920712 2.13008
350.304366859 53.7278412555 29.1549 0.29873 0.576571
351.937048615 53.6371476715 30.885 0.191453 0.33396
353.670951514 53.6061757015 31.2791 0.362769 0.433854
355.968726648 54.448470217 28.1957 0.540373 0.407744
357.895350735 53.9697598479 32.406 0.250594 0.315292
-0.583971883637 52.6108648212 34.0361 -0.0517998 0.946718
1.21241391046 51.5107708404 34.6899 -0.0932213 0.965156
6.53253213338 51.9242499193 30.5079 0.248827 0.462432
8.0004969059 51.9489065171 30.144 0.217791 0.270843
9.93915532927 51.7268077276 27.9679 0.572639 0.195077
12.4130626044 51.6070225671 29.7889 0.385189 0.3337
14.0347255252 51.943431648 29.4118 0.350472 0.298129
15.8847960345 51.9693802677 31.1067 0.235626 0.358655
17.9167256889 52.0552978596 33.5162 -0.0294399 0.361273
19.7911023193 51.9916419421 37.1705 -0.245138 0.442444
21.8519692949 52.4350540196 40.6049 -0.358787 0.740617
23.861 52.5686 44 -0.458196 2.12667
32.2340435136 51.717741762 47.5517 -0.633707 1.18612
38.6 51.22 44.39 -0.273189 1.28675
39.56 52.7 47.66 -1.32435 1.38053
51.7970252416 52.1156272016 38.4514 0.182454 0.444668
54.088121585 52.4963996295 37.1616 0.364718 0.540966
63.6004853424 52.5800452346 39.0927 -0.5912 0.738505
67.9 51.8 44.2 -0.370142 1.2771
73.1 52.8 46 -0.567607 1.33376
75.1 51.5 48.7 -0.636512 1.41252
81.1 51.1 49.7 -0.575675 1.09347
84.7092118586 52.3515353098 49.027 -0.708957 0.761755
86.2478986573 52.7991594629 46.1983 -0.499218 0.714775
104.218629543 52.5 36.7192 -0.277955 0.751087
105.751465647 52.3004789901 38.4504 0.408956 0.509565
107.796866898 51.7801312702 36.7869 0.464766 0.581223
109.701859245 51.623497292 43.0743 0.47925 0.624958
111.602649033 51.8502083964 41.4039 0.445813 1.02737
113.5 51.5 38.4 -0.42182 1.11138
120.769486792 51.4184416093 37.8192 0.454602 1.05128
124.567412029 52.2677313614 37.3756 0.21857 1.0396
128.492531556 51.8507873364 36.3277 -0.347363 0.743753
138.005362004 52.8493297494 34.2466 0.065639 0.527988
139.918474351 52.3114862043 35.1277 0.107893 0.442495
157.2 52.7 35 0.213651 1.68332
183.3158 51.8823 36.8 -0.147226 1.77416
185.8045 52.2027 43 -0.461265 2.08169
235.6 51.5 33.3 1.02752 0.966681
237.45 52.43 28.1498 0.723552 0.585683
241.06 51.09 35.2 0.392104 1.0193
246.39 51.3 43.4 0.324419 1.25553
248.881133597 52.1556899254 44.744 0.364211 0.749679
249.862997832 51.3311600737 44.3629 -0.517501 0.83219
253.6 52.2 47.6 -1.03677 1.16657
255.771844141 51.958762878 42.3907 -1.00142 0.73559
257.77 51.82 38.5 -0.57265 0.938522
260 51.37 39.2074 -0.491577 0.654894
265.79 51.18 42 0.153476 1.02609
268.63 51.76 39.5 -0.0239577 1.34954
269.71918489 51.8887333554 40.091 0.118651 0.438904
276.255106224 52.8172751043 42.112 -0.125978 1.15549
282.9012 52.2915 34.9 0.0182613 1.68278
283.9763 51.7133 36.5 0.0123776 1.76148
288.246730067 52.4066758998 42.0387 0.271125 0.692588
292.13 52.7 48.1 -0.253057 1.39743
293.353751948 52.1322505206 42.9043 0.613373 0.940246
350.530843771 52.3015325271 32.2721 0.176964 0.409145
351.765356938 52.2189084412 31.1929 0.214134 0.357657
353.252355926 52.6062596721 31.0856 0.220127 0.61371
356.601797355 52.3759403714 36.8519 -0.0564544 0.468826
357.974689106 52.0272207074 34.3995 0.107339 0.359436
0.3366667 50.86667 35 -0.050162 1.15934
4.54962817685 50.261827933 31.7868 0.201989 0.576183
6.27675196974 49.9429422516 30.1154 0.581112 0.196029
7.93739487806 49.8998674807 26.7036 0.764821 0.133552
9.77901605484 50.053994452 27.3481 0.669454 0.155137
12.0101158265 50.0997981141 29.722 0.669959 0.128888
13.9210241795 50.1272315723 31.5249 0.533847 0.214399
15.9648105712 49.9339246677 32.7665 0.417247 0.218444
17.8824782067 50.0827515047 30.964 0.469046 0.415691
19.9942360912 50.2401553984 35.6906 0.133901 0.616108
21.9599173907 50.0586911271 34.2499 0.135852 0.628032
23.2190053146 50.0261544805 22.0099 1.20511 0.451015
26.1 50.39 48.3 -1.1315 1.40463
28.22 49.43 48.1 -0.522899 1.05504
29.33281863 50.4216410298 36.3154 -0.0752308 1.01269
31.8013007546 50.0832194014 47.1537 -0.0249665 0.614726
36.9 49.06 37.2 -0.368488 1.07634
37.6521358111 49.8940652745 40.8909 0.0763923 0.593836
52.3748378973 49.7141004541 33.6685 -0.292744 0.437895
53.15 50.6 38.5 0.00883977 0.838794
59.94 49.26 43 -0.354996 2.08249
72.55 50.05 42.5 0.0683854 0.959925
76.4 49.2 49.2 -0.101059 1.43195
80.4 50.8 49.9 -0.261987 1.09868
117.469510399 49.5254080005 35.3205 0.522125 1.20433
119.904689033 49.4991217393 37.2329 0.460997 0.506743
121.5 50.756772858 36.9351 0.565387 1.26042
124.035220535 50.2869248084 33.9346 0.345719 0.943974
127.887315874 49.8996974869 30.8952 0.344575 0.671419
129.786432095 49.6059347826 33.5454 0.055663 0.622349
131.25 49.47 39.22 -0.309849 1.13342
140 50 30 0.552052 1.45042
143 50.5 36.7 -0.00798193 1.76698
236.9235 50.5188 31.75 1.18071 1.53417
238.387370124 49.9204116934 31.0599 0.746629 0.414346
239.92829891 49.6369328668 32.1212 1.41647 0.516778
241.835820127 50.2070343022 34.7642 0.865821 0.505832
243.704136491 49.194328469 36.3622 0.584074 0.489015
247.918863405 50.3634349065 46.3987 0.103515 0.58239
249.233902374 50.3955965228 48.8112 0.21109 0.711208
251.521758379 50.1896842569 45.6816 0.0843412 0.864784
254.79 49.58 44.9 0.156762 1.30245
256.088454409 50.1080389291 44.2725 0.0969836 0.494611
258.091674234 50.0866084263 44.2742 -0.244098 0.443028
259.682182366 49.8412839415 42.9024 -0.358184 0.507703
262.747134063 50.6933903512 20.61 1.27568 0.410085
263.959866684 49.9041675191 26.6344 0.74233 0.378173
266.367697912 49.9692479149 31.2369 0.816363 0.478959
267.878010462 49.9683219918 38.2906 0.435416 0.577106
269.716608484 49.9775544727 42.3836 0.408797 0.39926
272.467686937 50.2202196268 42.8401 0.360479 0.877388
273.52 50.21 28.7 0.990001 0.841189
276.528644616 49.7761015383 43.0893 0.453444 0.753377
277.981360978 49.1930764582 44.1426 0.56098 0.515702
279.950581941 49.2806913334 39.6965 -0.0189659 0.528861
282.3624 49.7589 34.3539 0.122395 1.17088
284.209809263 50.0573250705 32.4759 0.718023 0.538107
286.204964597 49.6918121222 35.1525 0.6622 0.507749
287.15 49.21 31 0.875218 0.904104
290.64 50 41.8 0.5127 1.21152
292.729293696 49.5208396724 40.6787 -0.592403 0.869064
297.1898 50.2872 38.6 -0.383573 1.85789
302.438478217 49.3755813017 33.8314 0.310697 0.638709
304.051301638 49.2251211313 36.0256 -0.25819 0.737427
305.713486016 49.140603711 37.3423 0.380094 0.769635
354.647833533 50.1887380796 27.4635 0.456779 0.557853
355.667922884 50.5786252929 28.1549 0.46815 0.352071
357.626848646 50.2264011232 30.7937 0.161065 0.607672
2.26 48.03 34 0.0109686 1.63612
4.53128036065 47.7790613004 30.8985 0.365298 0.320703
6.0706329673 47.7977794903 29.0677 0.652439 0.247262
7.88616529397 48.3269735807 25.2332 1.10464 0.142884
9.70585466768 48.5214564937 26.5879 1.03467 0.193372
11.6911602518 48.5726090063 28.5488 0.791415 0.250287
14.1215398833 48.5243369414 37.8485 0.268097 0.41869
15.5316330965 48.771781376 32.4838 0.504121 0.45633
26.926 47.0972 34.9 0.0481479 1.68004
27.8199528715 47.7101794566 38.1921 0.652319 0.84765
29.8534992992 48.3414169392 44.4648 -0.03029 1.10588
31.8659539418 48.0422007992 44.6729 0.691116 0.75214
35.8147856077 47.5455033782 34.7984 0.941433 0.354512
37.9466668949 48.6166665525 40.3444 -0.0691165 0.827524
45.98 47.17 43.2 0.451903 1.25656
47.3 48.44 40 -0.46191 1.92996
50.3593793797 47.8631475297 37.4804 -0.398018 0.463987
51.652189541 48.2164756713 36.3571 -0.548655 0.538301
54.4990685771 47.7811727036 36.9307 -0.151993 0.617049
55.7452765725 48.0398487591 38.7555 -0.273872 0.960313
57.1 48.4 41.4 0.0859242 1.19768
74.4 48.1 46.6 -0.0371245 1.35087
86.5 48 45.9 -0.208513 2.22062
98.4955234705 47.7354622818 48.7644 1.7268 1.0623
100.035844346 47.5842160931 46.4395 1.58785 0.85108
101.363703982 47.4609053322 44.6582 1.24526 0.76422
104.244007825 47.8047221056 43.9172 0.610175 0.867262
105.807112129 48.0242798722 44.569 0.564389 0.682744
107.900874148 47.5285124567 44.5456 0.833351 0.881292
109.264089983 47.4644182762 43.6935 0.75793 1.21936
116.770501176 48.5851036866 32.4537 0.577914 0.786253
118.1 48.2 34.7 0.423878 1.67039
120.030773065 47.491801779 37.0394 0.755521 0.564289
122.253538783 47.9423744122 35.7044 0.447115 0.399723
123.925978042 47.9997315986 33.7911 0.20853 0.439558
125.862934874 47.7955655037 32.3141 0.256134 0.560453
128.305329202 47.5320928224 30.2197 0.500115 0.516769
130.397214562 47.5226204124 36.4492 -0.0511058 0.71862
132.030313435 47.5221600702 34.1445 -0.0605084 0.824571
134.161671627 48.162739767 32.2378 0.0564089 0.636117
237.929928434 48.0239424778 31.3223 0.622348 0.261822
239.972566277 47.9265077892 31.2497 0.980236 0.348943
241.872355017 47.8694744258 31.5316 0.686253 0.275215
244.110551401 47.9692840663 33.0657 1.05955 0.377578
245.541142687 47.094143166 34.4943 1.11489 1.17535
248.065353823 48.2151021644 35.9735 1.06345 0.457414
249.779451063 48.0480300315 39.912 0.701902 0.424337
252.068277299 48.0022010291 43.7487 0.186041 0.447745
253.905418169 47.8658479456 43.5783 0.207288 0.427891
256.058602663 48.2234808909 45.4729 -0.0581109 0.484096
258.032946989 48.0859363396 42.387 0.0527748 0.619634
260.105958957 47.9727237168 41.973 -0.00418632 0.7221
262.047316716 47.7734437168 36.2836 0.163001 0.589792
264.119132415 47.9872221742 39.0654 -0.0358275 0.631134
265.959648519 47.5506593673 40.5086 -0.0344489 0.661152
268.105695844 47.9576158127 40.4887 -0.0365063 0.691853
269.63848704 48.2813268815 42.7287 0.102624 0.799411
272.080395613 47.82494185 37.9042 0.293904 0.715432
276.246347396 48.1955571376 46.64 0.786488 0.772487
278.056730753 48.076279991 42.1461 0.655851 0.394082
280.540331353 48.190778409 36.4332 0.0931613 0.406859
281.793592931 47.8369049997 38.2358 -0.0266477 0.475676
283.608910687 47.4121354592 36.7629 0.122427 0.6064
285.692614959 47.0323127844 38.8535 0.0383318 1.3242
287.906254552 48.2078163433 34.5751 0.35518 0.474517
290.068839313 47.4874533418 38.0715 -0.183723 0.5348
291.893402 47.036999 35.5 0.0107653 1.70991
293.9401 47.2767 33.2 0.23733 1.59955
295.05 47.5 46.3 -0.484181 1.3461
302.553788976 48.491271277 36.1443 0.0764762 0.467816
304.229802906 48.3172831274 33.4292 0.0909016 0.396876
357 47.8 31.5 -0.125955 0.916761
2.12041102572 45.5339105844 28.9077 0.712437 0.274105
3.66453045771 45.7774309119 27.7886 0.933513 0.158549
5.30728336458 46.5 25.7062 0.841245 0.886625
12.007896579 45.1607728821 31.1196 0.0983506 0.674284
28.0718803611 45.5262856025 24.041 1.07967 0.275107
30.899 46.676 39.8 -0.405949 1.92252
34.4681247591 45.5579963045 31.0752 0.617274 0.299616
35.3759263251 46.8259953653 42.5373 0.315209 0.943722
40.4 45.6 40.6 -0.650262 1.17271
43.1 46.1 44.4 -0.919393 1.28604
45.9497110017 45.800223903 45.2343 0.251546 0.759729
47.5 46.75 42.8 -1.15375 1.23854
54.8223873603 46.1904115502 39.7249 -0.0303929 0.519338
55.3 47 43.4 -0.497447 1.2575
70.3 45.7 40.8 -0.553631 1.17874
72.5 47 43.3 -0.187976 1.25318
77.9342657476 45.3406428055 44.871 -1.06308 1.11596
89.7956513281 46.6581827609 27.7461 1.64055 0.56671
98.086998 46.8134 47.7 1.61503 2.32246
100.45718967 46.2667841824 46.7996 1.31651 0.759033
102.322417458 46.5662360736 46.0624 1.28471 1.00084
104.800452637 46.3002767714 45.2987 0.84472 1.26558
105.870289674 46.1458097413 43.7321 0.758552 0.704936
107.713922593 45.9160033648 42.7006 0.686104 0.688031
109.748267181 46.2407497344 42.3291 0.615984 0.835455
116.586911281 45.5673994475 37.5754 0.58148 0.572946
118.210622118 45.6663487765 37.6209 0.588044 0.523672
120.092834245 45.9726984022 36.4577 0.614538 0.366758
122.043850191 46.117784096 34.8358 0.186099 0.366782
123.888736358 46.057034447 34.5662 0.00247153 0.418094
126.293235102 46.0279012415 31.4236 0.369898 0.411144
127.831523199 45.8650439521 31.3087 0.357856 0.250918
129.920947613 45.9147899753 36.5823 0.123197 0.370143
131.652202303 46.2322572858 33.0164 0.156152 0.378333
133.504044002 46.6609726468 32.9504 0.0951855 0.91721
136.83067929 45.9840757412 33.0478 0.67898 0.822674
142.33 47 27.65 0.204657 0.814909
238.104679464 45.9361379349 38.0584 0.467633 0.345528
240.022679249 46.1620595425 36.1305 0.403706 0.26255
241.966656342 45.7377094876 31.3443 1.07211 0.272829
244.08206203 45.7077188407 35.109 1.28013 0.390717
246.119819052 45.8022229442 33.5501 1.81018 0.434657
247.996162444 45.7292280569 36.4521 1.43809 0.375097
250.182027526 45.8181809389 42.2498 1.02129 0.365684
251.769954388 45.9499554281 41.3928 0.568223 0.345901
254.098358052 45.9804462444 42.7734 0.394421 0.304123
255.883000903 45.9567449334 42.9583 0.400427 0.607432
257.637019263 45.8553835911 41.5023 0.265039 0.709787
260.095891484 45.7897698349 36.4458 0.3501 0.590793
262.143619786 45.999129345 33.4141 0.341954 0.608948
264.151483449 45.8557311777 37.7112 0.0351666 0.744123
266.21849955 46.1038935421 40.9152 -0.0894076 0.666904
268.237577456 45.9378961964 41.9305 -0.330685 0.597342
270.192583126 45.9998125447 43.2193 -0.0845832 0.639832
271.801177854 45.7462359057 39.4317 -0.0805889 0.642927
274.03067794 45.9432787936 39.364 -0.188265 0.778669
275.81149966 46.0027846599 38.2493 -0.100063 0.75311
278.456009559 46.5055260846 36.8853 0.176349 0.33119
279.739436252 46.0553427273 41.0814 -0.0974103 0.356798
282.109725262 45.8128631909 39.2805 0.161049 0.292349
283.968101693 46.2088578574 38.0909 0.181875 0.299771
285.788319705 45.685751678 35.7247 -0.0567399 0.480027
287.919634266 45.8067908469 36.6059 -0.0596461 0.723988
289.840277281 45.6481445836 38.0299 0.223515 0.31861
291.802942494 46.2631862176 33.6116 0.0950144 0.469464
295.454533794 45.839275657 41.1358 0.203191 0.751118
299.076693628 46.4427196062 40.1769 0.202069 0.999673
-0.0204190084965 43.4237931972 28.8016 0.557495 0.811788
2.31388592961 43.8266235598 29.1956 0.840774 0.577969
3.22489609268 44.373955865 28.8612 1.12648 0.404356
12.3450272269 44.2828016954 28.6182 0.54703 0.491244
13.1704405778 43.4037262076 35.6487 0.139145 1.21695
16.3147335067 43.1151734145 49.244 -0.831939 1.69911
24.2476490786 44.3410365801 30.1909 0.341916 0.519516
25.5021906857 44.2128059973 34.1876 -0.0339197 0.823202
28.5051580205 44.2707676509 31.3747 -0.0286548 0.637809
37.9 44.9 39 -0.283595 1.87803
44.48 44.28 35.7 -0.852293 1.03503
45.9208630256 44.0690161224 42.0542 -0.168246 0.546145
54.5727356849 43.9070496489 39.1698 -0.0565839 0.4955
55 43.9 33.5 0.427111 0.973052
60.56 43.01 36.8019 0.370093 0.617089
66.6 43.2 40.7 -0.350811 1.17799
68.5 44.5 44.7 -0.884355 1.29413
74 44.5 48.5 -0.27001 2.36145
75.9220952849 44.5478377356 46.0622 -1.15146 1.14623
86.2 44.8 49.3 -0.506092 2.41234
106.45285311 44.5541915143 44.5365 0.59139 1.2444
108.604820994 43.9730809466 41.0732 0.629922 0.992027
110.233025233 43.9815203496 40.0565 0.545295 0.86564
112.033672912 43.7634664727 40.122 0.529819 0.731567
114.123840058 43.8553591897 37.8837 0.734705 0.645701
116.201431074 43.8955309458 38.5389 0.755121 0.339635
118.074908301 43.8773243053 37.0397 0.710656 0.306748
120.014168534 43.9746041267 34.5973 0.331894 0.274495
122.001889667 43.9695922879 31.0727 0.317503 0.347453
124.251993698 43.7898035734 31.6347 0.249288 0.361967
126.080751777 43.9949140689 30.1931 0.411291 0.326787
128.077182058 43.925308604 33.467 0.453596 0.330492
130.014993497 44.0381865478 34.3856 0.392974 0.429565
131.064053584 44.3227467599 38.2256 0.00493635 1.06346
135 44.25 26 0.950534 1.26694
238.415690975 43.9812881472 34.6979 1.11437 0.250467
240.073422717 43.7513464805 30.8809 1.50711 0.184614
241.849022373 43.9981927888 30.9964 1.4464 0.186539
243.888515715 44.1733544455 32.343 1.47373 0.229806
245.887580394 44.1319338271 37.3448 1.7491 0.286239
248.026683114 43.8340018136 40.6349 1.34755 0.433033
249.710681058 43.9345476575 42.5104 1.76511 0.336521
252.196383405 44.2040228619 40.8289 1.30898 0.460207
254.015163336 44.3004655044 39.3124 1.04233 0.402362
255.795820809 44.1969884591 42.6595 0.914371 0.519975
257.913893324 44.067951121 37.7557 0.581004 0.538382
260.010746554 43.8884482473 43.53 -0.0202873 0.943564
261.718929849 44.0990985039 41.5266 -0.0352867 0.713287
263.880831596 43.99379351 43.9082 -0.227991 0.621813
265.842338909 43.9555020069 41.5736 -0.180859 0.761472
267.943380675 43.9605179855 40.2452 -0.118688 0.739946
270.412702875 43.9506198039 39.5292 -0.387384 0.538593
271.873798041 44.1640323474 36.3943 -0.288921 0.628866
274.153010499 44.0279757214 35.6382 0.0610404 0.70425
275.96114052 44.1591320049 36.4478 0.0322159 0.625657
278.493780027 44.0959290177 41.5574 -0.245794 0.672991
280.323724007 43.8107091654 39.9437 -0.192201 0.371264
282.261766536 44.2759164896 41.1248 0.0152865 0.340491
284.246386978 44.1327458434 40.9108 0.104441 0.349515
285.894076342 44.0771138185 39.2626 0.166222 0.312598
287.933780669 44.0189426152 35.6248 0.499594 0.328704
290.257081427 44.5198376717 33.6444 0.135539 0.289465
292.195068003 44.7094914017 33.4698 0.123973 0.413381
296.408 44.6377 34.9 -0.131769 1.68061
300.15 43.94 35 -0.196712 1.68658
352.196573495 43.2645033921 27.5584 0.830174 0.773124
354.221370957 43.2646819273 34.5765 0.423853 0.961004
355.858739796 43.289349515 39.7685 -0.0908546 1.12187
358.538574173 43.7588134711 32 0.0657463 1.09236
0.406554395081 41.0762235037 29.2147 0.69818 0.590188
1.53113622933 41.329989059 26.1475 0.986226 0.65275
8.75 42.26 30 0.552985 0.87707
9.25285953796 42.3122656503 31.1674 0.659993 0.545268
14.1740336997 42.3095186979 30.3329 0.660311 0.476515
15.979127668 41.5447367411 30.5522 0.498772 0.445768
23.5829535018 41.9381982605 36.5005 0.588065 0.881161
26.3714739832 41.6329974561 32.5758 0.201271 0.909262
28.3284236478 41.1962231799 26.8801 0.603812 0.40261
29.3986071356 41.1233769639 33.374 0.0155395 0.574667
31.7475497549 41.2363722697 29.2224 0.638841 0.654931
33.9264944788 41.4349040294 37.1246 0.723762 0.571746
35.5250081568 41.3029580657 37.4732 0.386246 0.649938
54.778308997 41.727264328 39.9519 -0.0130688 0.478331
55.7504167012 41.3166899718 36.3076 0.182926 0.487646
57.42 42.11 36.5 -0.15624 1.05614
60.0169187894 41.8881135449 39.6901 0.106463 0.364951
106.717950976 41.8041939012 41.8697 0.742967 0.610399
108.004374245 41.7794094777 43.7716 0.68696 0.309722
110.008002363 41.7025489244 43.4321 0.78885 0.450086
111.932076404 41.385013633 42.5061 1.06628 0.484384
114.174130261 41.4959522021 41.5187 0.905307 0.330244
115.889079667 41.7175498971 39.3597 0.951118 0.280145
118.133754579 42.0791486146 36.1575 0.707307 0.308239
120.123485996 42.0348274504 33.3253 0.374887 0.280035
122.02314631 42.187892004 31.8285 0.21406 0.314214
123.961686929 42.0574635325 32.3081 0.213398 0.232872
126.004595678 42.1653574599 32.1618 0.507768 0.293302
127.748476187 42.3247819598 32.9246 0.779274 0.374735
130.026381339 42.8310908024 32.2344 0.243436 0.588419
238.134005919 41.9807070245 33.8254 1.34502 0.413998
240.087993046 42.1319460634 30.7956 1.75498 0.244072
241.852464156 42.3662835548 32.4509 1.47626 0.243446
243.902925664 42.1773053762 37.3403 1.26842 0.275638
246.026907097 41.940541111 33.1004 1.49915 0.354141
247.954080257 41.9837183639 34.2046 1.67502 0.360514
250.023571457 42.1559301662 40.1021 1.70879 0.459527
251.895943533 41.815649495 43.2526 1.5382 0.397417
254.128854334 41.6198965373 41.3361 1.51412 0.380018
256.175386758 42.0842652517 42.3307 0.883451 0.532908
257.968635465 42.0037649844 42.3438 0.588908 0.729522
259.969374362 41.9361818365 44.5712 0.156011 1.24776
262.214198558 42.1459901482 40.266 0.0779047 0.690758
264.217098026 42.1997347464 41.9944 -0.139255 0.6788
265.976697386 41.8616699452 44.5725 -0.324119 0.579055
268.028810929 42.1701329285 38.5576 -0.100546 0.46567
269.810681018 42.1441803644 39.717 -0.165173 0.499793
271.783399478 41.9690030954 38.0198 -0.130769 0.580218
274.257257868 42.032211341 37.2344 -0.0237955 0.605534
275.806205383 42.0894298258 39.6119 -0.162591 0.512198
277.757993199 42.0577474417 43.516 -0.393875 0.798812
279.951799625 42.1581417646 40.4511 -0.123236 0.659293
281.682171179 42.2013094816 42.3583 -0.108509 0.618632
284.00589548 41.8456436877 36.7303 -0.0821112 0.522243
286.144045349 41.6904330523 34.8395 0.166835 0.375508
287.989657503 42.0805745576 29.4179 0.339108 0.337251
289.496529866 41.8524607169 28.9633 0.267112 0.810277
351.947549682 41.7469456375 30.1552 0.581352 0.242324
353.911081858 42.1446917076 33.2288 0.707935 0.257701
355.790213053 42.1073203246 35.9017 0.617027 0.354938
358.015379176 41.6301475912 36.302 0.54635 0.584951
-0.175105996364 40.2242118254 27.6868 0.946765 0.451153
2.61 39.59 23.5 0.619199 0.706977
3.49019922003 39.8260533743 23.2856 0.620294 0.598095
8.66 39.82 31.16 -0.130217 0.907373
9.33083622916 39.7490443447 29.4932 0.653948 0.546942
16.3421742128 40.7231433695 29.4129 0.749378 0.4161
18.3531899561 40.1171521773 30.2145 -0.0705376 0.611989
22.8269746712 40.2071694907 30.2126 0.551555 1.03283
23.4849365174 39.5244041162 27.0509 0.577429 0.7615
26.2792166214 40.175315346 29.8885 0.312489 0.280805
28.0223077614 40.2012835185 31.7269 0.320578 0.250466
29.7103240857 40.2366421723 32.8724 0.486191 0.298685
32.246456971 40.1700263075 33.4791 1.10688 0.412903
33.8880872049 40.1477413134 34.5966 0.973268 0.378837
35.5983768156 40.6155062606 38.2607 0.689601 0.697714
54.2873701226 39.6399224313 38.8636 -0.236128 0.438012
56.1244767227 39.8402933661 41.3349 -0.332386 0.382314
58.8702044192 39.5324292803 37.0998 0.297667 0.481499
59.3490567154 40.5209126616 38.4749 0.117416 0.421263
62.1 39.7 38.6 0.0984169 1.11781
63.8532985561 39.7934892377 40.2461 -0.0512242 0.521374
65.08 39.12 45.8 -0.211337 1.33285
106.875 40.6015105113 43.8668 0.42421 1.50422
108.055775362 39.8614834451 42.6413 0.731401 0.289204
110.07714612 39.9811640103 42.9142 0.697313 0.394283
112.104817442 40.0298307736 43.4569 0.741103 0.227504
114.063923832 40.0023312493 40.2007 0.62045 0.181978
115.921236026 40.0361045637 36.5804 0.206192 0.159135
117.940100872 40.0442475989 33.1903 0.119134 0.186816
119.604292578 40.2312285969 32.6478 0.144133 0.474991
121.994570815 39.9124743831 32.6214 0.0364747 0.642502
123.870832826 40.2498170082 33.0938 0.106281 0.46103
238.334974856 40.0922410982 33.5977 0.737908 0.411926
240.096782168 39.7518989751 35.6604 1.18431 0.364476
241.949868471 40.0437737958 29.4377 1.70595 0.188691
244.0774069 40.0888537531 32.1272 1.63375 0.28131
246.327895609 39.8390271261 28.853 1.88829 0.246832
247.891493891 40.4703079923 29.7939 1.81601 0.259715
249.933089728 40.2195022955 42.6351 1.41458 0.465524
251.654258033 39.7453969533 44.5989 1.35981 0.497082
254.010265787 40.1053300432 46.1567 1.4872 0.470112
256.189727842 39.8998096024 43.3203 0.69663 0.413856
257.720100687 39.7767952013 43.0631 0.465464 0.561575
259.870641456 39.9224571986 42.3025 0.218569 0.646867
261.82013768 40.1336907405 39.4487 0.103402 0.673395
263.872615903 40.0329565606 41.4302 -0.153073 0.70867
266.059833615 40.0454604552 41.9494 -0.401641 0.48396
267.902472207 39.8904103381 41.6305 -0.308663 0.414784
269.958347995 40.2913206801 41.8959 -0.336993 0.492799
272.173210336 40.1088722998 43.9641 -0.423129 0.533246
274.227709807 40.2659865578 38.4533 -0.0929415 0.482928
275.731598753 39.8863026421 40.8191 -0.206852 0.570995
277.870522464 40.2319596449 42.0428 -0.239764 0.677674
280.03021781 39.9952034583 41.4862 -0.0913002 0.670745
281.752344949 40.1064292053 37.9745 0.0754902 0.589066
283.878796494 40.1830060528 34.9383 0.0688229 0.331386
285.696311018 40.5806293652 36.3681 -0.19715 0.665346
350.7134 39.35 29 0.304119 1.40351
351.953752493 40.0912849866 30.1736 0.566389 0.256898
353.718454983 40.205462374 31.9884 0.689493 0.402962
355.930232515 39.8165333447 32.3232 0.727053 0.379343
358.023645821 40.1538045485 32.2857 1.02751 0.403371
-0.859 38.7793 31 0.731678 1.49911
1.35 38.98 20.1 1.22204 0.619565
14.6481805358 37.1850158066 41.3928 -0.102472 1.04161
15.3645403446 37.4655594317 28.6815 0.572584 0.586598
20.59 38.18 28 0.763687 1.35701
21.93 37.18 32.8634 0.224191 0.922649
23.8791940244 38.4231577682 27.8588 0.494601 0.52486
26.0749368089 37.6751687926 26.4548 0.715974 0.307658
27.8656540026 37.9254005765 27.1763 0.854753 0.245483
30.0060204687 37.842711598 31.6097 1.20239 0.369679
31.899153 38.0124148123 33.4703 1.23209 0.625793
34.4031605724 37.974496292 37.1359 0.88951 0.90175
35.6498699526 37.6957903153 31.9347 0.712632 0.559447
54.4399636328 38.1983998429 31.0997 0.46103 0.523661
58.4035995166 38.6800140811 42.6018 -0.0818564 0.37396
60.0905789998 38.2838043144 41.7232 -0.205379 0.44804
61.7545331541 37.9281948998 42.6639 -0.207407 0.480345
64.1529990424 38.3892501628 46.2243 -0.127418 0.548243
108.05622079 37.9676014731 41.185 0.900536 0.245214
110.266104585 37.941353811 41.0822 0.565316 0.34019
112.071131706 38.03543081 40.7084 0.785525 0.229103
114.202202153 37.9948432066 34.9359 0.317422 0.191777
115.868112845 37.966970762 33.3783 0.00873177 0.20403
117.452261495 37.7543477244 29.9485 0.196697 0.406497
120.771672739 37.4776927295 33.2096 0.0366616 0.488403
121.887708473 37.620712789 32.3178 0.0414468 0.49472
124.716 37.9743 28.9 0.259995 1.39938
126.799221839 37.4666718911 28.6894 0.346123 0.982738
128.09188951 37.6764915765 32.3578 0.478181 0.524451
236.9989 37.69782 20.5 1.02052 1.02309
238.191982841 37.6671684571 25.5278 0.964544 0.207337
239.837189423 37.9311944575 33.1792 1.10224 0.311845
242.223883577 37.9583389781 34.9753 1.25163 0.288624
244.126729682 37.6831677058 30.6101 1.53157 0.284276
246.184416668 37.8049638007 35.8588 1.24011 0.292859
247.796913486 38.2447105467 39.2637 1.64362 0.466285
249.922913289 38.0276228664 40.7887 1.16608 0.433586
251.72604019 38.4150405668 45.0088 1.57757 0.501631
254.441756015 37.8585436485 45.7828 1.64588 0.290901
256.100010384 37.9211096684 44.4496 0.840548 0.418753
257.786048507 37.6467270368 43.4682 0.428962 0.529127
259.949572012 38.1407693062 43.0797 0.151563 0.659286
261.917267195 38.0347139063 39.9528 0.0397961 0.583664
264.053870755 38.2230740967 40.2143 -0.127049 0.688411
266.098067724 37.8579284906 41.9051 -0.238047 0.542227
268.357036363 37.8796528668 43.2041 -0.29726 0.388931
270.033454627 37.872647916 43.3506 -0.42987 0.287941
272.04640831 38.0496216199 42.271 -0.32285 0.255223
273.978365197 37.7006654557 43.2204 -0.376554 0.336297
275.847348439 37.650785443 43.9432 -0.31784 0.518321
277.950361545 38.0020776088 42.9215 -0.155474 0.734215
279.591583801 38.0224180388 44.7242 -0.0884354 0.725748
282.382985175 38.2482519629 32.4323 0.100819 0.384444
283.551622677 38.177296788 26.2162 0.468785 0.331767
350.767640851 38.8490168044 28.3805 0.458292 0.689944
352.038927334 37.9229584038 29.7088 0.377506 0.184564
353.858488129 38.1167807502 31.1339 0.74435 0.258276
355.805071401 38.1855250502 30.2865 0.787538 0.339704
357.874610991 38.4917488875 30.8847 1.00467 0.609788
3.032 36.797 19.3687 1.05988 0.689395
8.1207171058 35.1878925926 38.7163 0.0646524 0.667142
14.5878727719 36.1384795067 29.0764 0.420867 0.825392
15.122 36.96 41.5 -0.313517 2.00592
22.94 36.71 27 0.633759 1.3121
24.117790675 35.426920615 30.6782 0.922976 0.396517
25.589558779 35.5684966974 27.8596 0.808233 0.405133
27.8206962401 36.4636713755 28.6116 0.417015 0.425932
29.8030531005 36.5972124718 26.2011 1.14745 0.500516
32.5416873367 36.3413261933 32.3129 0.808522 0.715646
34.1807731869 36.3671843127 29.9606 0.629887 0.572689
35.38 36.57 30 0.17171 1.44991
41.52 35.87 35.7 0.0632602 1.72038
108.091195528 36.1042695896 43.1793 0.719472 0.238989
109.870684632 35.8185769728 38.2012 0.678066 0.304195
112.031826161 35.9598568245 37.9569 0.561061 0.226094
113.919308603 35.9636300535 33.4844 0.409211 0.224736
115.897949779 35.8922467161 33.4704 -0.0337111 0.310661
118.043767599 35.9568309566 33.3914 0.130563 0.302631
119.58748416 36.0287958934 34.5136 0.0947302 0.466211
121.212702994 36.9376659592 32.6795 -0.0498995 0.722203
126.679644196 36.2155022027 30.6586 0.242003 0.854944
128.043633186 36.1032369917 31.3448 0.215275 0.617803
129.265079599 35.77261423 28.1479 0.484701 0.684802
133.350651518 35.3154863643 25.1136 1.00143 0.875648
238.527039519 36.5707301574 23.9615 1.12903 0.347529
239.6583932 36.1360982666 26.6546 0.997506 0.240043
242.024517401 36.0368354568 32.9864 1.11223 0.272606
243.948032793 36.0632383921 29.8727 1.09293 0.234485
245.736487069 35.7674895859 31.4921 1.03354 0.24176
247.79198691 35.6226542881 39.8417 1.35539 0.447848
250.077162259 35.8593394683 41.1173 1.17452 0.318656
251.885657851 35.8683542195 43.1988 1.38664 0.397495
254.176105064 35.71598653 41.032 1.60583 0.328843
255.589448605 35.7496760316 42.7681 0.957084 0.289927
257.763548178 35.8876846193 44.7776 0.499681 0.627071
260.191014018 35.8263498476 43.1041 0.0895763 0.660377
262.078630282 35.8457062184 41.2697 -0.125686 0.756142
264.087999423 35.9217602395 40.7212 -0.0526528 0.466824
266.194919417 35.736211577 39.8676 -0.119366 0.610966
268.006771791 35.7128481715 40.9292 -0.266077 0.328208
269.960700386 36.0831737093 40.2076 -0.0149357 0.209899
271.933754139 36.1279976103 37.6827 -0.121121 0.397655
274.188235196 35.6613365183 44.7652 -0.310021 0.299022
275.78204961 36.1478873283 42.5135 0.0321273 0.363639
277.805273164 35.9515842389 40.7884 -0.0724042 0.40461
280.330000486 35.5489865662 34.2631 -0.0688563 0.369123
282.112463856 36.0362608071 33.2804 0.000899474 0.508113
283.336123436 35.7788930443 32.0526 0.024554 0.893251
353.645187029 36.9643221029 27.0715 0.44776 0.934832
3.0981 34.215 38.0952 0.35144 1.03856
5.1196 34.5866 38.0432 -0.679667 1.04536
8.88453963209 33.9902691808 35.1478 0.0380003 0.599425
9.35969915549 34.3189695599 29.5983 0.501752 0.827769
24.4706037716 34.8977659677 29.9078 0.151335 0.653143
33.3305741393 34.9611482786 26.353 1.05602 0.63964
35.4494880937 33.0483544422 26.803 1.26682 0.633029
43.2576 33.401 47 -1.09636 1.56354
108.684328279 34.8209844424 37.0226 0.486554 0.573358
109.78207987 34.8536276973 35.1717 0.392245 0.475452
111.913325763 35 34.1967 0.295206 0.954284
113.91223571 34.5873721564 31.4277 0.379922 0.524044
116.47430354 33.9065938403 33.5098 -0.0454846 0.432231
118.145781385 34.0146831771 32.5803 0.0176304 0.335661
119.204231196 34.348919603 31.3292 0.109965 0.462346
126.5575 34.1569 32.5 0.000776771 1.56823
240.270492154 34.1660591086 26.5384 0.684253 0.347095
242.086310852 34.104278163 29.5618 0.821811 0.152402
243.683551516 33.8529715492 29.9015 1.20828 0.163548
245.951216941 33.9006380145 26.3349 0.948158 0.224129
248.116254948 33.8547979821 30.5789 1.08353 0.227294
249.841524934 33.7790319861 34.9506 1.27143 0.285428
252.114870275 33.682157708 34.5948 1.3815 0.289947
253.565786189 33.897623749 35.4203 1.51585 0.241711
256.175057709 34.0455181814 43.4799 0.72451 0.527325
257.884976464 34.0156156652 43.0959 0.466818 0.60238
260.137787975 33.9954424264 43.3335 -0.112179 0.793896
261.536315413 34.3036954941 40.9645 0.242133 0.479507
264.073877587 33.9991012886 35.0404 0.0480121 0.601619
266.291696478 33.6276724036 28.7329 0.328254 0.226477
267.853601608 34.0668492012 31.907 0.137554 0.447511
269.888617994 34.0693748548 36.4249 -0.180396 0.557167
272.074230932 34.0726430017 41.4331 -0.354169 0.579301
274.092325832 33.8814810703 44.9538 -0.382676 0.582908
276.419889041 33.8551495153 41.9267 -0.207079 0.316099
278.052312969 33.7337817401 35.9387 -0.0196648 0.289495
279.81804194 33.6340189716 28.4363 0.424116 0.332659
282.239001181 34.5292904805 26.9904 0.522511 0.358365
352.197260111 33.3379897874 34.7419 0.132257 0.601917
354.296823717 33.6321684412 33.981 0.739132 0.271957
355.421084935 33.4751062803 34.2702 1.14923 0.960142
10.53 32.58 32.004 0.24655 1.09409
11.37 32.51 29.8 0.290836 1.44137
13.0881137927 32.2196331396 31.0765 0.624499 0.622028
15.8096567315 31.5294140044 28.1186 0.396844 0.967814
20.88 32.52 29.9362 0.500112 1.02429
26.1689511796 31.4629499176 31.7622 -0.124029 0.60419
28.5038 31.047 33 -0.0643771 1.59219
34.5156702503 31.1998698821 27.5469 0.662687 0.417861
35.5859511787 32.0190487014 29.552 0.909717 0.282347
37.7340794475 31.9889491431 34.8933 0.487156 0.753005
44.0224 32.5398 44 -0.872863 1.46147
46.1607985762 31.4274356115 45.8742 -1.29954 0.882074
114.234966876 31.3812933215 33.4135 0.133433 0.62503
116.510256032 31.6856988416 35.584 -0.112927 0.220166
118.038005259 32.0970044268 31.6738 0.0930143 0.334158
119.780490612 31.6560214666 31.7459 0.0784806 0.285584
121.27305519 31.080539736 32.3391 -0.00173384 0.63637
242.829821114 32.8671027695 24.1615 0.829928 0.690751
243.836789511 32.6142958537 28.8233 1.19145 0.252258
245.877904981 32.6666870933 25.2279 0.722957 0.50709
247.767105797 32.3837108908 25.4579 1.16682 0.393496
250.061117473 32.1250671299 30.3638 1.51435 0.295492
252.328127402 32.4668868875 29.7097 1.61739 0.261674
254.026546712 32.0992176227 38.4242 1.08178 0.545536
255.955102283 32.1260909297 42.5958 0.383796 0.391245
257.785576744 31.9239081285 41.9302 0.318344 0.612335
259.845526991 32.0650077875 40.3283 0.125563 0.736663
261.810298936 31.9622818064 38.8171 -0.0513905 0.624294
264.02830425 32.1029210674 27.5734 0.575202 0.457009
265.874434477 31.9635724213 30.6578 0.235123 0.470098
267.80450187 32.2221521465 27.4334 0.473621 0.509096
270.199569436 32.0616818552 31.6508 0.257921 0.407187
272.425466167 31.846183424 34.314 -0.0227055 0.632902
274.127399774 32.0562583396 38.225 -0.206219 0.761796
275.915780124 31.9872909746 36.4449 -0.111785 0.51248
278.098731749 32.0234641609 34.2813 -0.0794782 0.553226
279.611272578 32.7354950236 31.5918 0.0695149 0.683416
350.912909966 32.1277652656 35.5807 0.259218 0.729025
351.944005844 31.689474647 35.436 0.630821 0.424238
353.728237495 32.1318549043 31.9359 0.877576 0.433517
355.472406032 32.1438655178 35.9513 1.072 0.335754
14.15 29.59 32.37 0.442272 1.56073
15.49 29.06 33.3 0.306389 1.6082
20.12 30.55 24.1 0.73792 1.18202
21.18 29.07 28.8 0.355898 1.39652
25.6458524776 29.607277519 34.5278 -0.469963 0.858154
28.5 30.5328833537 33.4864 -0.518998 0.687394
30.78 29.77 33.3 -0.193838 0.966086
31.8296550948 29.9291812416 34.4206 0.450087 0.734003
34.8196463323 30.2391131377 32.0965 0.447291 0.290801
35.5258486875 30.1636628906 33.8901 0.352765 0.148986
47.6171572147 30.3261363583 47.4887 -1.57223 1.11896
110.5 29 49.5 -0.224237 2.41002
112.48705254 29.6053005783 33.3796 0.00283686 0.513975
114.270362153 29.7537666597 35.0928 -0.0400522 0.42357
116.016202348 30.0696823843 35.3461 -0.060898 0.19561
118.30952106 29.7797744481 32.7787 0.166407 0.266608
120.10815567 30.0877659748 32.0335 0.186881 0.258228
121.489989353 30.3537390155 30.9897 0.0999813 0.327726
244.267064417 30.4892132565 34.316 0.151174 0.828502
247.680069304 30.5 24.0269 1.02953 0.853424
249.0507 29.0198 26.3 0.742999 1.28064
252.0226 30.365 32.6 1.5173 1.57161
256.114189527 29.8434758708 37.2646 0.867384 0.402996
257.603217261 30.1933889572 39.2854 0.474563 0.574735
260.264580436 30.1040296398 39.6389 0.0908915 0.609068
262.285213159 29.8828265461 30.8668 0.365779 0.537283
263.896174774 30.2448947345 32.2457 -0.1155 0.561882
266.002967453 30.0069580024 32.0959 -0.0172786 0.528265
270.42 30.65 40 -0.353854 1.15689
274.593155157 30.553277864 35.747 -0.196819 0.994489
276.269530226 30.3970733807 38.2551 -0.31908 0.754895
277.927434324 29.9795460015 37.0525 -0.275951 0.596272
350.496322445 29.9843131949 27.6452 0.915545 0.372152
352.099900094 30.2667783539 33.8136 0.92236 0.352411
353.511383253 30.5190414877 31.8319 1.1835 0.325335
356.11 30.95 35.5 0.507761 1.71048
28.3104 27.1484 38 -0.270045 1.82748
29.8801284204 28.6504931057 35.3055 -0.302234 0.87793
31.2945 28.6226 35.5 0.0286323 1.71018
34.5051092638 28.2857271666 27.607 0.929915 0.354164
35.7913589988 28.1095473017 30.8337 0.75596 0.372149
37.59 28.65 35.338 0.698687 0.963292
41.7908042189 27.3816557448 37.8934 0.689351 1.29004
44.34 27.5 45.6017 0.271524 1.25712
47.94 28.19 45.6575 -1.06982 1.25376
110 27.4271001218 35.4449 0.1881 0.712259
112.210096912 27.8437943462 33.99 0.167661 0.264607
114.073387945 27.7471780203 32.2206 0.221046 0.526045
115.950780173 28.009717192 30.0552 0.302445 0.310036
118.108236603 27.9205893758 32.7812 0.331165 0.301607
119.851497068 28.1660423558 31.8208 0.415727 0.223008
121.089922771 28.4050386144 31.8043 0.261498 1.08618
245.98619865 28.0075093251 26.5441 0.537439 0.930665
247.407930977 27.3047078051 24.5771 0.807031 0.698802
250.36374 28.91834 28.1 0.919451 1.36344
260.412772195 28.3299359182 29.561 0.400801 0.639969
261.737068047 28.0717049876 32.2974 0.117988 0.699603
263.507271483 28.6598731541 33.6122 -0.0400881 1.16131
278.350178147 28.1465246912 35.8325 -0.197772 0.548049
279.335354158 27.4682879796 33.4846 -0.0508943 0.938005
350.15 28.5 32.5 0.408906 1.56772
6.11 25.01 30 1.2421 0.876139
14.45 26.08 30.44 0.606689 1.47225
32.63 25.76 29 0.42133 1.40515
34.2969989585 25.7537378182 25.9122 0.66215 0.370563
36.7211013459 26.214856539 23.6137 1.34004 0.316016
37.5729283301 25.276963843 29.7434 1.08327 0.284695
39.2608084507 25.7897539498 30.829 1.08674 0.671059
42.36 25.7880001556 34.668 0.749757 0.738949
43.1943737129 25.8554648466 37.7596 0.356778 0.9112
49.5178653801 25.5696820204 43.8152 -0.527803 0.939172
54.2339 25.22 31.6 0.0267416 1.52502
109 26.2423651918 42.2786 0.148061 1.44327
110.025867668 25.6186169972 33.7596 0.339107 0.471605
112.179193426 26.2454005089 33.4603 0.19092 0.338582
114.228581198 26.2146766326 31.1272 0.459559 0.306305
115.901058248 25.9484218282 31.7915 0.448088 0.243098
117.926515052 25.8179158549 32.0522 0.487239 0.205426
119.498619092 26.1871806848 31.1069 0.262003 0.223467
248.284414024 26.5008238614 21.9299 1.03055 0.543853
250.76915841 26.9156605299 25.0257 0.813764 0.865115
254.336 26.9368 39.9 1.34583 1.92256
278.703583906 26.646267594 35.6179 -0.212345 1.21388
279.2524887 26.1112927422 36.4767 -0.263188 1.2437
5.55 24.06 40 0.957698 1.92851
23.13 24.1 36 0.154214 1.73649
28.9546 24.3195 35.5 0.104343 1.70879
32.7028982957 23.6549618315 34.4434 0.300691 0.541188
33.7448949142 23.8775795365 31.554 0.394 1.09028
37.6358663319 24.4978397913 21.5179 1.52815 0.314625
39.629497284 24.4118021476 34.9325 1.09029 0.298087
42.48 24.56 35.0319 0.68194 0.956075
43.5624195821 23.8379648072 38.3048 0.71669 0.665766
46.0399018288 24.3757867929 41.8777 0.594506 0.570921
50.7425002881 24.4339275426 40.9944 -0.66862 0.793532
52.3579776562 23.944722469 31.8752 0.0774227 0.888048
54.0561108308 23.6722926958 31.5071 0.170714 0.682094
55.27563146 24.1115077551 33.319 0.0774779 0.808138
68.83 23.33 26.5 0.511535 1.28868
70.1398686891 23.4407720571 38.7786 -0.310769 0.362819
72.2798767475 23.9114858578 39.1283 -0.18402 0.951003
73.85 23.29 33 0.0816525 1.59259
78.2648981759 23.7580570525 41.0321 0.186011 0.80399
79.3644159001 23.4052456461 41.0176 -0.147166 0.380106
108.699060186 23.9369106474 31.9099 0.303603 0.769508
109.846805795 23.6999323273 30.3312 0.313984 0.41516
112.010838057 23.857101338 29.8111 0.399094 0.294588
113.946631043 23.8314457602 29.4794 0.422334 0.248579
116.049917862 23.8594973128 30.2213 0.376362 0.254486
117.832435312 24.3133458848 29.2077 0.322499 0.249144
248.89357 24.3981994629 28.2915 0.409671 0.970122
250.068699108 23.3992385033 26.5825 0.878043 0.469591
252.26067 24.73088 20.3 1.1409 1.01527
255.867342763 23.9131001095 43.35 1.0081 0.979738
260.5344 24.8982 27 0.74235 1.31188
278.947701 24.726601 35.75 -0.236567 1.72329
5.53 22.79 38 1.04195 1.82728
32.3258 22.9226 40.5 -0.224224 1.95066
37.22 21.16 19.6 1.64825 0.606752
39.8850678838 21.6509790416 32.9157 0.654192 0.377657
42.8062170285 21.3144554556 37.1103 0.518437 0.665841
43.9995127257 22.4254549675 36.8604 0.577645 0.506818
54.32 22.95 32.1 0.127749 1.54952
55.8910918712 22.5384225091 33.7775 0.0574295 1.15793
57.8695103064 22.2197193963 37.4941 -0.0640815 0.682457
59.4414 21.6855 33.2 -0.0465155 1.60019
70.135393215 22.109587509 36.0101 0.00765037 0.580005
71.6516831472 21.9006118065 37.4082 0.0252507 0.72355
73.3705151715 21.8376695257 33.9541 -0.0176606 0.827397
79.6756888848 22.2552095815 38.0316 0.0788837 0.463509
82.7538649995 21.4733060046 36.6172 0.00350401 1.01892
86.1812475335 21.9251471206 40.4138 -0.279611 0.419396
88.2937293771 22.7 34.7503 -0.225539 0.863239
108.605529128 22.2532018188 28.5582 0.396677 0.490455
110.076998745 22.1179079345 28.191 0.422675 0.268509
112.010804604 22.037423655 28.6178 0.376872 0.245352
113.737652586 22.5964821426 28.3481 0.359221 0.30749
115.689719479 22.8953437116 29.0465 0.293436 0.574278
255.4793 21.0538 33.4 1.14439 1.60956
257.433 22.7692 40 1.94417 1.92764
261.588829538 21.3145654612 29.5845 0.421464 0.716718
276.985865149 22.7815505693 25.7921 1.01867 0.572705
344.051133176 22.5634236183 27.9179 0.678192 0.373094
40.4101088775 20.276998329 23.4492 1.17887 0.517109
42.2803558573 19.6126134925 40.1027 1.42763 0.447175
43.4795411849 19.5402202312 40.1948 0.558487 0.85653
70.9575952428 20.890315461 36.4481 -0.429228 0.993426
73.7532670473 20.1611806833 36.3962 0.248778 0.364617
75.6614443522 19.3190182256 36.1399 0.231395 0.779799
78.2259210628 19.9240817101 36.0402 0.239709 0.463203
83.6786213188 20.4989771057 45.8083 -0.415636 0.78565
85.6584165639 20.4438567479 39.653 -0.371168 0.465162
108.854024528 19.2675205452 30.5835 0.165379 1.04615
110.141192456 19.5546360077 28.2957 0.453364 0.316247
254.58 20.4 30.3 1.08915 0.884704
260.499343212 19.8582297001 39.9874 1.81648 0.614045
261.715454805 20.102593254 39.8606 1.53915 0.322991
263.496310998 19.3020955753 31.0422 0.569796 0.579929
271.629498844 20.0805661608 25.1329 0.668724 0.715534
42.3635749783 18.171557967 38.5144 1.27181 0.591619
43.5406683395 17.7035441185 45.1089 1.61576 0.966898
54.0961495356 17.3353426408 31.2829 0.63517 0.438829
55.62 18.02 34 0.150833 1.63995
72.813 18.896 39.7 -0.443573 1.91412
73.8937382206 17.4558425081 38.3593 0.28798 0.332084
76.6697735866 18.3640992688 36.1583 0.494261 0.611508
78.3243916496 17.7988435956 32.9665 0.551086 0.337499
79.7638962165 17.6690954403 34.3651 0.120622 0.747143
83.3133532658 17.7089021772 32.3469 0.0322453 1.10447
101.624192432 17.5091443241 34.2869 0.221672 1.16984
103.597722132 17.7811828866 39.0747 -0.239832 1.0891
105.64630369 18.6323488232 28.6519 0.322598 0.620854
108.931056342 18.7229825138 30.5626 0.32754 0.852794
109.880017494 18.6953503187 30.1962 0.407229 0.486642
260.54536128 18.1285034465 37.1339 0.866702 0.313979
262.314874165 17.9942648942 36.2222 1.52037 0.424931
264.395448149 18.0054915642 33.5324 0.298222 0.28297
265.391838442 17.6543468967 25.9539 0.613011 0.899489
268.8134 18.967 31.7 0.0407055 1.53006
32.5556650458 15.5749898883 34.5282 0.253105 0.963335
43.4051415083 15.5351065176 27.1798 1.36203 0.601386
53.47 16.823 25.6 1.31388 1.24855
74.3897260271 15.7307764652 40.3762 0.0600528 0.352443
76.3093183735 15.8323542654 37.2917 0.220106 0.482532
78.3657819569 16.4260505326 34.6319 0.468803 0.415958
79.7948359936 15.823467504 37.289 -0.0633001 0.358291
100.968881953 16.5732409125 39.289 0.390165 1.33947
107.58 16.411 29 0.296699 1.40565
262.64 16.86 43.3 1.16358 2.08914
264.595091967 16.6282689345 33.1273 0.422053 0.607958
265.499403298 16.7077413942 30.8656 0.483404 0.745267
267.8632 16.2818 33 1.69045 1.58906
1.7 13.14 41 -0.266064 1.97817
38.98 13.68 39 1.50488 1.88349
40.4224190853 13.5018591534 17.3637 2.11144 0.277413
43.7579046698 14.1531080299 26.8753 1.18423 0.334096
45.3919268279 13.9175627448 34.2118 1.86253 1.16799
74.5864601947 14.2873947603 40.8777 -0.232236 0.659545
76.0613216766 13.6266455315 39.1181 0.337498 0.235389
77.788749975 14.0252584301 35.8985 0.360606 0.218007
79.4666394754 13.9659167824 36.2079 -0.00241887 0.560775
101.320951785 14.3150964291 34.5171 0.184725 1.17678
108.991 14.033 28.5 0.367974 1.38087
109.293 13.111 27.3 0.429234 1.32614
273.99159028 13.4079519404 37.806 0.451222 1.05886
343.04 14.39 26.3 0.509752 1.27915
355.99 14.5 42.6 -0.278166 2.05631
37.9203002718 11.9573107966 42.2729 1.72659 1.02315
40.3481728204 11.9237610947 25.7451 1.46223 0.267371
41.7132266853 12.1729823344 24.7649 1.4363 0.228493
44.98244 12.77592 20.4 1.11616 1.01827
53.7059681461 12.5651494461 22.5933 1.10764 0.225802
74.8822364479 12.9170946461 41.5659 -0.486862 1.00368
76.3332636076 12.0806362316 43.6276 0.126376 0.278148
78.0715077716 12.083008639 38.922 0.220926 0.370885
102.352741711 12.7440645723 32.5878 0.268028 1.12597
108.599377675 11.8590879665 33.6399 0.947387 0.811855
272.904 12.725 31.8 0.190658 1.53702
273.77264227 12.4070415907 31.6418 0.327162 0.385197
275.547631114 11.5478215507 33.7306 -0.0216887 0.813573
7.74861982208 10.5651948068 32.8306 0.630415 0.780087
9.1167 10.1168 39.7026 0.669798 1.08391
13.8224694718 9.80761698609 28.2294 0.644912 0.794463
15.26 10.33 30.5 0.460819 1.47364
28.7 10.06 38 0.825259 1.72956
29.92 10.25 43 0.793674 1.96918
36.52 9.09 34 1.87312 1.63875
38.5489023268 9.40731933852 40.9896 1.90718 0.634877
40.3432791771 9.8862327282 28.5433 1.64994 0.2438
41.8993710659 10.0226773457 34.0134 1.51686 0.558925
45.6151341239 10.1845419355 23.6791 1.27323 0.681896
76.6363314149 9.88329191302 39.1737 -0.116025 0.446802
77.6001388561 10.144511058 40.1498 0.267065 0.405036
275.441771395 10.7903423684 33.4298 0.00666046 1.14763
284.83 9.89 37.1 -0.0150822 1.78587
292.63674933 9.44555992374 36.7152 -0.121205 1.2514
293.703 9.262 46.2 -0.559089 2.24355
295.917629792 9.51830762789 41.4537 -0.430985 0.531234
4.5334 7.5334 35.0637 0.212897 0.955714
12.67 7.36 35.5 0.903092 1.70839
13.5903102063 8.12811558639 26.3391 1.1206 0.40895
36.603135536 8.63960901914 35.8389 1.64451 0.722991
38.4017169301 8.20613587352 36.6189 1.61205 0.44642
39.6534914362 8.38209308947 35.5918 1.61203 0.2734
45.7826977844 8.56350181406 37.4739 0.458244 1.27597
76.9648445723 8.50852639703 35.4236 -0.0279104 0.566139
77.2351411412 8.42588648954 35.5249 -0.06398 0.607296
80.6445035043 7.67372194015 38.1573 0.0701801 0.750841
284.34 8.77 24.5 0.740305 1.20004
290.517 7.001 47.8 -0.700209 2.3259
292.394733737 8.88580074437 42.3651 -0.471337 1.18166
294.005420999 8.2559243333 40.5722 -0.374267 0.653807
296.219917714 8.00608939904 39.9845 -0.243405 0.380341
297.783094247 7.92953060373 38.8242 -0.133913 0.597391
0.015342792273 6.13748717799 41.1234 -0.193867 0.478446
7.42 6.87 28.5 0.711823 1.37942
10.0539689423 5.72696522342 33.902 0.825775 0.734785
11.9977544883 6.16879766769 36.0637 0.651733 0.869069
13.7809166942 6.50003594879 35.5 0.775492 1.20984
18.42 5.17 40 0.0913541 1.92811
36.7101225841 5.56641779238 29.2707 1.23916 0.711867
38.0169744662 5.67669282701 39.027 1.22652 0.644599
80.681 6.087 37.0919 -0.234586 1.267
116.294205026 5.91598399862 33.3161 0.361351 0.22026
117.50774503 5.86737256165 29.1365 0.376467 0.314966
292.344 5.42 31.4 0.167704 1.51554
293.157202513 6.58605062829 37.369 -0.176945 1.27285
296.87 7 43.5 -0.315237 2.10095
298.420731948 6.42060116896 36.5764 0.278197 1.01763
306.06 5.74 36 -0.241743 1.73138
307.311844173 5.15867176417 41 -0.486372 1.39842
355.14 6.68 38 -0.235755 1.8329
358.5629 6.4647 43.2646 0.17286 1.18791
9.63676541336 4.35931268807 28.925 0.729721 0.819927
11.5556053628 4.21305453719 40.1881 0.176796 1.3761
13.19 3.98 48 -0.107079 2.33382
15.03 3.52 43 -0.0146793 2.07591
18.55 4.44 43 -0.157084 2.07816
32.88 3.29 35.1 0.768134 1.69075
36.0022237277 4.03677119658 24.0977 1.31801 0.487803
37.9915426292 3.93853991102 32.8044 1.17545 0.563048
39.5149890079 4.02203429594 26.9298 1.47588 0.951743
116.442696517 4.66786988544 35.5485 0.515102 0.401153
117.556930201 4.64117817315 33.4445 0.16096 0.577113
307.550485173 4.6355256042 37.3488 -0.272132 1.27209
9.87001423338 2.66509785448 28 0.370246 0.960131
11.6156202853 2.68053937851 45.5 -0.0493034 1.55768
13.29 2.7 43 0.0325518 2.08366
32.28 2.88 38.2 0.660324 1.84087
34.0665908181 1.85195022439 36.97 0.976392 0.538479
36.0648434975 2.12661041092 22.5493 1.69604 0.239609
37.3535190324 1.83385067976 32.1691 1.09189 0.566418
110.308935745 1.47168181177 27.2035 0.446735 0.661716
112.211941809 2.4514307785 24.2454 0.79166 0.60233
299.478616278 2.39769379662 44.2298 -0.490082 1.51664
30.2901233884 0.56364069216 27.7243 1.65562 0.298044
31.9054374801 0.183059834683 36.0867 0.991163 0.709746
34.5898308603 0.35091632166 37.5385 1.1799 0.385401
35.9681179789 0.433366612246 36.1858 1.51581 0.288017
37.4798106783 0.795537584605 36.8372 0.785906 0.446527
101.22 0.36 27.45 0.620073 0.680181
111.48 0.07 32.25 0.0318234 1.55522
114.904091647 -0.954091646819 33.3073 -0.00833891 1.14176
117.21 -0.45 37 -0.271524 1.7831
285.21 -0.17 28 0.537926 1.35851
292.97 -0.12 41.3 -0.425727 1.99283
293.022 -0.122 38.2 -0.278865 1.83709
307.99933029 0.0441790299412 36.1972 -0.111545 1.01006
13.61 -1.66 45.6 -0.331522 2.2066
27.5 -2.33 35.87 0.766857 1.03963
30.0351299078 -1.70774620808 38.1392 1.30612 1.0619
31.77628905 -2.2619009629 40.1892 0.722451 0.973278
34.0350847627 -1.79066157545 34.1632 1.33285 0.449694
36.2510473603 -1.84025050364 37.7613 1.32264 0.279983
37.6532519725 -2.07882046696 41.2473 1.08749 0.419548
104.801864421 -2.84165719769 31.9733 -0.140057 0.681707
106.13 -2.16 31 0.123796 1.49699
107.65 -2.75 32 0.031721 1.54285
111.665153896 -2.69515389623 31.4846 0.0737739 1.0744
116.905 -1.1073 34.3 -0.100206 1.65737
132.248954615 -2.91925 33.4756 0.128753 1.14636
300.21752085 -2.28000101709 39.8138 -0.338214 1.11033
305.524756561 -2.12737210567 41.4155 -0.435642 1.1557
312.006511554 -1.64223006152 39.2241 -0.372026 1.09658
315.875 -2.897 43.9 -0.590888 2.12242
29.9366598218 -4.59758787219 40.6368 0.547732 0.655365
32.64 -3.82 37 0.903476 1.78128
34.0911905156 -4.7742991539 36.9699 1.01259 0.593975
36.0932525732 -4.22931317557 37.2479 0.973911 0.567988
38.4966767525 -3.39778954453 34.5977 1.13141 0.71649
114.84 -3.46 29.6667 0.226458 1.43698
116.17 -3.3 36.9615 -0.456412 0.852712
133.7044 -3.6616 30 0.209584 1.44983
286.68 -3.816 36.8101 -0.19178 1.25368
290.091 -4.187 42.2 -0.465684 2.0394
299.318148395 -3.16092580251 43.2961 -0.54614 1.48452
304.268012099 -4.36850907403 42.8491 -0.436913 1.46594
310.46 -4.25 41.8 -0.457774 2.01476
318.19922098 -4.58606012162 40.3833 0.0806219 0.731267
319.967184335 -3.89776890294 32.7503 0.360233 0.391943
321.628037625 -4.30797338867 31.4189 0.332591 0.528671
30.3922759144 -5.10455182878 40.1619 0.623339 0.968965
31.2785103088 -6.10536062257 40.2571 0.656097 0.869309
33.8173872373 -6.43334026243 39.7971 0.927365 1.35993
35.8505062438 -5.52307393539 38.7209 0.929064 0.706433
37.7480720383 -6.15254991052 36.3283 0.52267 0.715272
110.744552917 -6.35044779061 32.4409 0.123631 0.784062
111.503 -6.6657 32 0.104967 1.54373
119.752 -5.01410714714 36.4071 0.173723 1.24085
285.323120424 -6.8410179615 39.2121 -0.222628 1.33887
290.1 -6.3249115375 45 -0.501203 1.54053
310.244766848 -5.72726088868 39.645 -0.219841 0.676375
312.280691587 -6.15666601815 40.215 -0.169419 0.689723
314.173592967 -5.71423704463 42.5445 -0.175385 0.705754
316.199502218 -5.38919192294 39.0831 -0.20995 0.515747
318.004492654 -5.16045203762 40.6511 -0.112227 0.735878
320.184625447 -5.63072458286 36.4577 0.174253 0.527367
322.219192898 -6.02989487258 31.4865 0.392485 0.262449
324.096718168 -6.35104121858 31.798 0.481051 0.321406
13.55 -8.64 33.1647 0.402213 0.698936
20.7858845484 -7.87900058043 36.1776 0.674472 0.698395
28.53 -8.28 42.7598 1.06136 0.903996
30.7255495662 -7.58425019435 33.6281 0.798375 1.14886
31.4428909744 -7.91689140668 41.2712 1.09 0.557681
33.8411464089 -8.67578637705 38.0937 1.10879 0.352812
35.7210735176 -7.92275238516 38.1664 1.20003 0.650784
38.7733 -7.1981 21 1.33321 1.04504
140.4141 -8.5181 27 0.443479 1.3121
285.679926497 -7.65972761386 36.9824 -0.0610192 0.675737
296.65 -8.8 44.9 -0.576244 2.17127
304.641033068 -7.04741733103 33.7802 0.171948 1.15108
312.407372655 -8.82265289493 41.0315 -0.210902 1.14901
320.114473861 -7.64345889823 38.8691 0.248259 0.56567
322.09256805 -7.99784701282 36.9301 0.413058 0.372669
323.978226208 -7.97196391891 33.4844 0.611893 0.217419
28.7 -10.06 39.316 0.758564 0.93683
29.92 -10.25 42.8766 1.07845 1.02181
31.7599138008 -10.3012195638 41.0007 0.965288 0.462825
34.0077208617 -9.83842898626 39.5328 0.989515 0.206874
35.4479572691 -10.0957556601 36.7195 0.994275 0.332551
37.917 -9.7896 38 0.166937 1.8314
293.787943372 -9.81845752922 43.6344 -0.475869 1.49419
295.204 -9.533 45 -0.545362 2.1793
304.203 -10.873 41.5 -0.201236 2.00408
310.97 -10.58 35 0.139273 1.68376
311.939779855 -10.2169578349 42.6684 -0.209912 0.781212
313.442635226 -10.3744798834 44.9868 -0.197848 1.54303
319.862813745 -10.0887775461 42.1312 0.0492011 0.478509
322.144530462 -9.98515254439 35.7636 0.36439 0.333985
323.517066266 -9.85612093725 35.9059 0.226852 0.478253
26.1362917014 -12.1538821863 44.3216 1.08178 1.05649
28.2073883489 -11.7405818156 39.2843 1.08922 0.566487
29.8028940368 -12.2239844859 38.6629 0.871886 0.654768
31.6035205978 -11.4864897358 44.6756 1.10194 0.568977
34.1386835683 -11.4604150121 40.8384 0.648768 0.435502
35.46 -11.2 37.2364 0.584161 1.01623
49.3606 -12.2825 18 1.6175 0.630762
130.687706601 -11.5941547938 34.123 -0.0981933 0.588342
131.875224946 -12.7568039933 35.6952 -0.19019 1.21742
136.783 -12.1874 35.6 -0.212825 1.71888
299.8 -12.951437077 41.2143 -0.0950234 1.4072
302.009041085 -11.6345504093 34.8655 0.147023 0.757758
303.27 -11.612 38.1803 -0.0198957 1.30268
308.708017465 -11.9719825349 37.5983 -0.0746925 1.28252
310.33396745 -12.2922271494 43.9608 -0.372569 1.23191
311.851082029 -12.2520837876 39.4626 -0.102513 0.719473
313.11 -11.48 40.2 0.069845 1.94587
315.097 -12.409 40.6 0.157195 1.95844
320.813522943 -12.3287808733 38.9051 -0.116542 0.51164
321.573999566 -11.8024632153 35.7917 0.0887629 0.764852
13.45 -14.91 37.5393 1.65003 1.27766
24.8 -14.79 40.457 0.896162 1.1071
25.329972067 -13.2624581006 39.1362 1.08431 0.655544
29.8941165677 -13.3875596351 42.0687 1.05103 0.501248
31.9338277787 -13.3825745156 43.7793 0.193998 0.864741
34.1949396289 -13.6689432314 42.2855 0.233219 0.681571
35.719536577 -13.5692111404 41.8912 0.300873 0.82861
37.499 -13.197 37.7 0.36469 1.81908
48.3778820335 -14.4571145684 32.3865 0.797405 0.541536
50.0858666809 -14.1519830612 32.206 0.302077 0.50903
131.58 -14.37 40 -0.91168 1.1553
143.047717294 -14.7157139947 34.8364 -0.0553514 0.864629
293 -13.48 40 -0.0150372 1.15624
295.563 -14.895 30.2 0.32435 1.45843
299.985 -14.533 48.4 -0.610706 2.36225
304.223 -14.322 40.9 -0.0280402 1.97422
310.587555881 -13.4186957258 37.9918 0.00189336 0.649961
312.043883322 -13.5852576505 40.2689 0.185912 0.446499
313.717994182 -14.0655828912 40.8793 0.255929 0.745611
315.418 -13.432 40.1 0.127605 1.93491
320.528907882 -14.6124286925 38.6784 0.127263 0.919749
23.15 -15.25 37.962 0.884998 0.800931
26.02 -15.75 37.9419 0.787461 0.798952
28.19 -15.28 38.4147 1.01428 0.913935
33.7366314866 -16.0790201416 38.7518 0.153947 0.651037
36.0821352874 -16.0987361334 36.9012 0.46451 0.484489
38.99 -16.99 33.1 0.421034 0.961443
39.25 -15.08 40.8855 0.258088 0.791383
46.4263 -15.7323 35.5 0.734375 1.17655
48.2245980314 -15.7212316717 32.8792 0.289799 0.635536
128.76 -15.68 38.1 -0.30618 1.83904
132.23 -15.45 43.93 -1.0561 1.27122
134.1 -16.47 48 0.177552 1.39815
136.163854335 -16.4705459822 42.5776 -0.0107455 0.878071
179.45 -16.302 28.2552 0.366461 0.973403
300.862318931 -15.4491625408 41.3027 0.0782011 0.982048
302.839 -15.38 44.4 -0.446452 2.15234
304.308516564 -15.900370859 34.0907 0.099561 0.931867
308.073527515 -16.0058404582 34.4319 0.305019 0.620912
309.751528097 -15.723673652 35.9629 0.310835 1.00917
311.985 -15.642 41.8091 0.626304 1.42712
315.622823071 -15.7760814734 38.8732 0.239532 0.7022
320.338497391 -16.0272310844 41.9496 -0.266443 1.17114
12.5830347867 -18.4837195704 34.95 0.298005 0.463774
13.467324574 -18.165014008 40.506 0.351936 0.531352
19.76 -17.91 38.5023 0.755955 0.811788
21.338223 -18.53956 38 0.700378 1.82973
23.500484 -18.62088 38 0.591478 1.8294
25.180824729 -18.3461211291 35.7807 0.770929 1.22136
35.03 -17.44 38.1 -0.288849 1.83551
37.97 -17.24 36.7 -0.057757 1.06349
46.0170445716 -18.0858766339 38.7682 0.283164 0.47834
48.001987692 -17.9492768419 43.6703 0.636704 0.935454
49.4599 -17.7062 43.1587 -0.0655041 1.18112
122.132023996 -18.3905704392 36.5325 -0.232869 0.471759
124.09461545 -17.4370688702 34.2307 -0.0627473 0.42767
125.439836992 -17.2167425477 36.0589 0.0701345 0.710298
130.25 -18.98 40 -0.0305232 1.93056
134.12787643 -18.530552191 42.2159 -0.284755 0.915127
136.06822903 -17.9447415273 42.4757 -0.309506 0.651062
137.912130649 -17.9815464047 41.1867 -0.254897 0.536217
140.202617827 -18.5278838596 37.2841 -0.248517 0.545007
141.387035305 -18.2699718674 36.9638 -0.235955 1.03592
177.92330655 -17.8286629602 28.9124 0.441026 0.351624
179.952 -18.566 15.7439 1.51643 0.582255
299.781685096 -18.1329042008 38.3644 0.115176 0.822102
301.730498431 -17.9764659203 39.957 0.061942 0.634202
304.151868933 -18.3655654455 33.404 0.135583 0.709847
305.120080629 -17.6000806294 33.0534 0.400136 0.784923
307.849652355 -18.507747878 43.0384 0.262649 0.8437
311.86896625 -17.9448612035 39.0018 0.335611 0.712444
313.430976246 -18.3390742737 41.8875 0.359655 0.905172
315.67985139 -18.189782304 39.1588 0.616475 1.3356
318.815 -18.703 37.9474 -0.0156022 1.29441
319.333322639 -18.5851785497 35.0579 0.107647 0.844143
12.8034526148 -19.5307121091 27.3484 0.463136 0.940366
14.1263699318 -19.5116578528 37.8848 0.471404 0.430111
15.5508603644 -19.8094700069 34.2306 1.04851 0.952617
17.5531778713 -19.357871435 36.3952 1.07661 0.611985
21.5940640521 -19.4699534168 40.5498 0.559566 1.38769
23.7467718949 -19.9636375855 38.7135 0.736607 0.827073
26.21785 -20.562851 49 0.0747234 2.38635
28.6126111511 -20.5466747616 38.5032 0.793685 0.702492
30.5075263811 -20.255365419 37.4557 0.733165 0.544829
31.32 -19.96 37 0.891323 1.7807
44.6595 -20.0676 28 0.415023 0.933006
45.5964 -20.3428 33.1878 0.162546 0.905179
47.7657967754 -19.4853613177 38.5792 0.762494 0.534556
116.82 -20.75 30.1 0.183322 1.45488
118.493951639 -20.6347276774 29.7243 0.2499 0.83077
119.764547913 -20.3717629598 29.8318 0.286247 0.313524
121.457951827 -19.5611874186 38.1136 -0.310971 0.651058
126.49 -20.44 42.4 -0.241888 2.04854
130.018840863 -20.1034775087 39.2995 -0.0358605 0.527431
132.16243709 -20.2052437413 38.8895 -0.0313657 0.487123
133.918662452 -20.086146338 42.2538 -0.19916 0.421383
136.0183705 -19.8881816126 42.5503 -0.299703 0.472687
138.102701429 -19.99368124 41.2826 -0.260191 0.407966
140.050200669 -19.9476208387 40.9642 -0.277947 0.433755
141.731204075 -20.0393249907 37.6181 -0.19921 0.407425
146.15 -20.05 37 0.20914 0.806647
297.495585331 -19.3808039376 31.6776 0.451369 1.08326
299.654720551 -19.8867194362 32.0553 0.233057 1.09657
302.157 -19.07 43.4 -0.421155 2.09292
303.949446842 -20.4669041876 35.8351 0.222618 0.64669
305.574523937 -19.5926750553 37.2688 0.133681 0.672283
308.671959174 -20.6709795869 47.2772 -0.480596 1.13147
309.666624916 -19.7111596776 44.275 -0.255214 0.945015
312.214737332 -20.1236459651 43.4228 0.398151 0.627337
314.036994969 -20.4113225407 38.9928 0.400788 1.0863
315.374263624 -20.6065784277 39.2192 0.486112 0.948019
317.1 -20.45 42 -0.0271227 1.21617
319.437028438 -19.979165997 37.6676 -0.0776382 0.90854
14.5367390915 -21.6207945783 32.922 0.454257 0.601313
15.7683709934 -21.9464154815 40.8329 1.06079 0.770808
17.4048024111 -22.1962643573 43.7591 1.43612 0.575893
20.4370765487 -22.9134088956 42.4885 0.710161 1.44861
21.7337644182 -22.1417582469 44.9546 0.488621 1.54041
23.771767 -21.403549 37 0.673522 1.78078
26.0650238194 -21.9762113711 41.6939 0.528755 1.00889
27.8768080053 -22.4837878279 42.1375 0.475567 0.641412
30.0919658654 -22.3012164077 39.5148 0.507513 0.547468
44.3007178006 -22.5772911632 25.6634 1.09019 0.373546
46.1130763968 -22.2859877148 36.8271 0.757101 0.304703
47.6762059487 -21.5015595476 38.1712 0.236719 0.383869
114.23 -22.64 29.9 0.23852 1.44588
116.384006485 -21.978217146 33.071 0.249652 0.732434
117.944365109 -22.4757640694 32.4166 0.62535 0.442716
119.83889367 -21.5732746341 30.1965 0.471776 0.216761
121.974201112 -21.7000396775 39.2531 -0.131075 0.717092
123.505994089 -22.1223023013 40.7487 -0.192598 1.13695
129.805036301 -21.9347362069 42.5406 -0.129967 0.516723
132.059500303 -21.9173246763 42.3564 0.0220303 0.499694
134.050327394 -21.7134396421 37.8562 0.230525 0.397763
135.927022587 -21.343608389 40.8311 -0.149491 0.658378
138.211963872 -21.2731811128 40.4411 -0.246928 0.797217
140.07025315 -21.9317840397 42.9345 -0.334382 0.454203
142.066582986 -21.9468021303 40.782 -0.297352 0.527738
143.82588144 -22.0325456629 38.7461 -0.175187 0.524777
146.48 -22.44 40.3 -0.783236 1.16598
166.454 -22.3073 26 0.527871 1.26704
300.056 -22.277 37.5971 -0.165364 1.2939
302.421444029 -21.6131066798 42.9974 -0.162387 1.02555
303.997645951 -22 42.9266 0.10579 1.19375
305.223224934 -22.531190797 41.61 -0.36724 0.990447
308.260872033 -22.3342876347 44.344 -0.457306 0.511914
310.553129451 -21.9090406477 39.9244 -0.152869 0.951575
312.133843681 -22.1653714582 42.1746 0.231272 0.637808
314.147418597 -22.4462094934 39.2243 0.170434 0.786835
316.532705111 -22.2217694939 37.6583 0.212222 0.465838
317.995626626 -21.7493434126 36.3398 0.0898028 0.664162
17.8560282961 -23.7779194342 45.7283 0.951124 0.768239
20.61 -23.52 43 0.645027 2.07783
21.405781223 -23.7552427514 41.4801 0.649423 1.15817
24.4450492353 -24.1522786086 40.8809 0.807931 0.683446
25.6203267763 -24.414736248 41.8304 0.8921 0.663889
28.0214683047 -24.219180793 40.9107 0.688451 0.504636
29.5972449896 -24.0857100672 39.9524 1.23345 0.554926
31.3989989059 -23.5186692372 38.5503 0.444291 0.918618
34.6222844909 -23.7415445605 40.1831 -0.367687 0.968829
35.25 -23.8238025582 36.6614 -0.193838 1.24979
44.2476744426 -23.6944987448 24.2698 1.05384 0.416145
46.4660078425 -24.6630447792 36.7255 0.358502 0.659174
47.5300614229 -23.6403392514 34.9491 -0.0618268 0.63081
114.145088627 -24.9197861438 25.8872 0.60384 0.894947
116.370235737 -24.2438633715 38.1994 -0.00207396 0.299012
118.029292314 -24.0653638699 37.0469 0.137145 0.800067
119.358615366 -23.38113471 33.4167 0.583506 0.55207
129 -23.4 40 -0.514816 1.32474
129.856980655 -23.9907159882 45.2815 -0.154353 0.634409
132.187044878 -23.9530853194 42.7196 -0.0176002 0.56055
133.864492139 -23.8844306244 41.5635 0.0451787 0.453578
135.0022156 -24.29645011 41.1317 -0.187241 1.40968
140.096601182 -24.2504119892 41.9461 -0.441772 0.715798
141.990786182 -24.1500271624 38.3534 -0.177472 0.497699
144.078447783 -24.0957792962 37.5509 -0.109429 0.468219
145.270253871 -24.1631949882 38.5373 -0.134713 0.788026
148.5 -24.5 32 0.238462 0.93
149.226647093 -23.5135804752 37.9305 -0.24898 0.530878
301.639107509 -24.5305273149 42.4926 -0.479014 1.4539
303.896 -24.997 43.1 -0.272614 2.08775
305.963 -24.459 38.9 -0.0539757 1.87366
308.544483084 -24.4418313829 41.5988 0.0942729 0.898493
310.049214011 -23.6255608142 41.8203 0.0684694 0.631553
312.327711135 -24.2399454666 37.5808 -0.0120245 0.612329
313.705067053 -23.4169646586 36.0505 0.512934 0.354362
315.56 -23.021 29.6 0.29336 1.43156
22.857294 -25.475531 39 0.598207 1.87969
23.669579378 -26.2040206965 36.0181 0.967369 0.649089
25.784655404 -26.1327674296 39.8759 0.972683 0.374964
27.8792938713 -26.2694119076 38.2967 0.940236 0.389823
30.0539862064 -26.2428563314 39.4355 1.26061 0.636368
32.4092740867 -25.7452009981 40.5344 -0.389916 0.979681
45.15 -25.5358 31.0357 0.383627 0.851475
114.29 -26.21 29.8 0.21411 1.44191
115.969891877 -26.0171965653 36.6946 0.03159 1.25949
117.857106753 -26.3660387057 35.4253 0.282381 0.517873
119.164490315 -25.8742838982 40.3415 0.0881644 1.37746
121.93 -26.19 43.7 -0.131095 2.11399
123.01 -25.29 41.4 -0.0831001 2.00306
128.3 -25.04 45.3 -0.078738 2.19605
132 -27 40.2 -0.212406 1.33114
134.226965712 -26.3689949443 44.2312 -0.328336 0.811261
135.873348168 -25.9857997876 37.2763 -0.190589 1.26976
137.823753577 -25.9448986184 41.1247 -0.45741 0.992256
140.297716018 -25.9655842333 40.1361 -0.371757 1.36814
142.227324264 -26.2154384419 37.1449 -0.194789 0.426503
144.000118175 -26.3498477116 38.9069 -0.271322 0.388863
145.661681399 -26.2665965471 38.9666 -0.0776143 0.768481
148.24699731 -26.7091220172 37.746 -0.0434953 0.450076
299.617 -26.389 42 -0.445296 2.02715
302.669 -26.331 34.22 -0.0466379 1.64878
303.9 -25 42.5 -0.302432 1.41067
306.254075538 -26.1688293202 42.6633 -0.360673 0.825227
310.995 -25.323523793 40.7048 0.405668 1.38967
20.37261811 -28.8251221222 40.6244 0.548917 0.896007
21.8296420903 -28.4351095891 39.7049 1.03763 0.763779
24.296748394 -28.2494500145 37.0244 1.04532 0.32454
25.7142842437 -27.8981799001 36.9787 0.895437 0.49016
27.6667954546 -28.0715047602 38.4454 1.53364 0.684262
29.09 -27.02 40.5 1.06419 1.95391
31.6582343927 -27.3604268466 33 0.910885 1.09465
116.435528688 -28.347516617 30.1924 0.492859 1.03283
118.43727004 -28.1574990774 32.5343 0.42936 0.702411
120.373339792 -28.4718651671 36.6504 0.139006 0.883879
122.360970427 -28.6170235734 41.9415 -0.0606194 0.906311
123.65 -28.2 39.7 0.0111706 1.91664
125.19 -27.05 46.4 -0.280357 2.25672
134.232907424 -27.2490575185 46.1848 -0.454287 0.70928
135.743553947 -27.501679105 40.9585 -0.346769 0.703614
138.77 -27.3283 38.868 -0.362375 1.86994
140.9 -27.5 40.4 -0.512315 1.33806
142.045636287 -27.2307205426 34.2985 0.00574726 0.830184
143.858997684 -27.4522151755 38.4393 -0.26065 0.570303
145.778673422 -27.1483523784 40.8393 -0.240833 1.3919
148.15 -28.95 40 -0.965411 1.32347
153 -28 33 -0.530874 0.959201
299.297 -27.639 39.6 -0.360952 1.90988
301.364 -27.569 43.6 -0.549813 2.10259
304.016353941 -28.0799640725 41.6318 -0.691749 1.13902
306.655551662 -28.3914753263 41.2854 -0.143609 0.985139
307.7655148 -27.2709734266 43.8957 -0.134353 1.50022
310.490383147 -27.8743786766 38.362 -0.0239413 1.3073
18.1793218819 -29.6476466355 41.201 0.590264 0.723699
19.7322749234 -29.4306181546 41.0053 0.746132 0.719996
22.4148362335 -30.2433817396 43.1946 0.600568 0.847967
23.7067403537 -30.0219289558 35.9819 1.12446 0.697693
25.557956113 -29.9453484313 36.4827 1.50161 0.649116
116.63686567 -30.2047238589 35.8536 0.0670409 0.774484
118.35 -30.72 34.5 0.195838 1.65993
119.951658395 -30.0022178108 36.0672 0.201424 1.23194
121.910836381 -30.4495546802 38.7258 -0.0134275 0.378983
124.027612041 -30.8865479939 42.3849 -0.291323 0.840224
125.320349564 -30.8349130145 38.5098 -0.186697 1.31242
128.06 -30.78 44 -0.458706 2.12706
130.669479264 -30.2725566332 38.1965 -0.566111 0.718697
131.676806465 -30.3968485747 39.2279 -0.755418 0.864768
134.449608125 -30.2067917057 44.4476 -0.478344 0.764748
135.874090807 -30.3618008473 44.9754 -0.52377 0.629712
137.756629611 -30.2440919336 46.0013 -0.596857 0.999169
301.935994366 -29.5747470325 41.1883 -0.446461 0.987086
304.165206466 -29.8641459643 42.1595 -0.466024 0.757027
306.531739486 -30.4657457737 37.8951 -0.101093 1.29311
309.147 -29.31447116 42.0837 0.165432 1.4373
20.2317281739 -32.4038614518 41.5273 0.775483 1.01795
21.6621083513 -32.2615653244 41.8435 0.622498 0.640135
24.64 -32.77 29.95 0.206687 0.876339
116.126360318 -31.8789584226 40.4914 0.0786872 0.664118
117.929665662 -32.0336915061 36.6421 0.0914035 0.515486
120.07484827 -31.5372790151 37.4935 0.184195 0.698285
122.071348324 -31.8150980947 39.1775 -0.0807716 0.364598
124.093454876 -31.968845892 39.8688 -0.232929 0.397985
125.226855251 -31.259713449 40.0304 -0.287082 0.864311
135.75546826 -31.4981291536 45.7356 -0.54436 0.907678
137.255102396 -31.7318127278 46.6994 -0.634132 1.13357
139.3886 -31.195 44.8903 -0.603438 2.17269
141.3 -32.24 36.49 0.440124 1.05763
148.302407543 -32.8968274977 33.8018 0.33859 0.820016
149.5 -32.88 39 0.409954 1.88104
302.392 -31.082 46.3 -0.652188 2.24818
304.063 -31.683 47 -0.60614 2.27977
306.373085064 -31.7591894044 37.6103 -0.070573 1.28026
19.6892884382 -34.0531287833 35.6534 0.214777 1.2179
22.1181517332 -33.4582489474 39.6397 0.235395 0.50456
24.7617378233 -33.9069662152 35.2248 -0.0306943 0.670518
26.51 -33.31 35.5 0.353646 1.71148
116.010645126 -33.8363902023 38.6272 0.340371 0.77859
117.9 -35 32.6 0.00310324 1.5729
120.79654 -33.6511 43.7 -0.475609 2.11313
122.078370237 -33.3906317195 39.4267 -0.241603 0.603505
123.367674509 -33.6047845913 36.5954 -0.163524 1.01776
142 -34.28 30.6 0.153114 0.892055
144.470969489 -34.0171612204 35.8091 -0.220423 0.508851
146.436771799 -33.8827913629 37.6549 -0.111847 1.04768
148.175458541 -34.0979689397 38.1228 0.0903028 0.615395
150.030918914 -34.0620771173 39.97 0.442995 0.510673
151.176171937 -33.8524218606 30.9766 0.400303 0.560824
292.56 -33.5973608155 40 -0.864853 1.32303
148.051649005 -35.9426518152 41.9158 0.17421 0.468867
149.187691149 -35.5586546089 43.5962 -0.0533903 0.768959
144.646929352 -37.9552388038 32.6848 -0.129124 0.605404
145.657849295 -38.2484929485 29.3581 0.512588 1.02563
148.83 -37.63 37.7 -0.135579 1.81687
149.16 -37.05 37.6 0.464331 1.80989
298.021 -38.057 41 0.0218696 1.9834
143.98 -39.64 30.5 0.147928 1.47314
145.616678747 -40.2457022943 26.0393 0.687848 0.906848
147.819471112 -39.9543356236 32.6486 -0.00835252 1.11335
145.07 -41.62 23.8 0.297351 0.719048
147.150546784 -42.4207031146 34.3793 -0.0824436 0.600242
290 -52.06 31.1 0.945496 0.908873
291.5 -67.3 36 1.00693 1.04442
