19.3852828982 80.2491426808 31.8609 0.379216 0.727293
47.376292 80.768692 31 0.563343 1.03448
273.5842 80.0533 34 -0.510593 1.13304
297.65 82.5033 29 -0.0935571 0.969876
12.2569584296 78.9543194156 27.5548 0.710853 0.430159
16.0122455164 78.2214529835 33.2599 0.580482 0.339383
240.732615373 76.2552749563 34.8087 -0.794995 0.764231
243.693609912 77.0191702641 38.18 -1.50762 1.11249
247.509002924 77.2475680372 36.7941 -1.44205 0.838045
251 76.4 38 0.4716 1.10759
263.5 78.4 38 0.421681 1.10681
18.99 74.502 28 0.325508 1.36534
69.95 72.57 42 -0.633438 1.52726
70 72.6 42 -0.393674 2.04077
99.5 73.3 42.2 0.147992 1.23098
244.506407948 75.7871841034 39.27 -1.10549 1.1431
249.199635003 75.2264866019 35.1425 -0.761204 0.724189
265.1 74.687 35 -0.12882 1.16477
303.86 72.79 33.5063 -0.788362 0.924514
334.882 72.88 25.7 0.641607 1.25762
13.4896460485 68.1391693922 23.6537 1.13342 0.461399
14.5557484982 68.7280173039 24.9894 1.07685 0.580172
20.4926487567 69.0733256762 35.9138 0.37102 0.730374
23.7840269038 69.2847878817 44.5353 0.0511634 0.287431
28.011918032 69.3059380791 44.1705 0.300699 0.362311
31.8350976353 68.7860926565 42.6917 0.0650554 0.265615
51.7500191986 68.1224894845 41.454 -0.310582 0.696725
56.4048510898 68.3841403875 39.747 -0.531654 0.817972
59.2235448643 68.5487402316 40.4874 -0.175295 0.833969
73.5847363443 70.0278410848 36.9674 -0.00398585 0.761074
75.5918238815 69.610647008 38.5019 -0.0859502 0.560443
79.7754060698 69.8254789068 41.56 -0.292481 0.699852
83.6069688093 68.6168297761 42.9149 -0.239175 0.511629
87.7771412751 69.9413690473 43.2798 -0.266673 0.516445
94 72 42.1 -0.267851 1.22745
110.4 68.1 46.6 -0.118275 1.36172
115.066835426 70.5553354085 36.5224 0.218215 0.756367
118.5 69.6679745632 42.3 -0.393094 1.23217
124.5 71 43.6 0.347943 1.27499
126.793624494 71 41 0.999145 1.20062
193.561246381 68.6186001735 31.6466 -0.455791 0.818863
196.98 69.73 27.78 -0.196387 1.0272
200.413 69.105 39.8 0.177031 1.93042
203.38440547 70.4052823825 32.1191 0.225704 1.11785
209.363314977 69.5329710249 36.91 0.0218694 1.28546
211.244229478 69.4048174238 38.5044 0.170406 0.974808
215.57750388 69.798986567 34.69 0.0664744 1.19536
242.1942 70.7631 45 -1.19524 1.50655
267.957292676 68.8607405064 34.1131 0.0322168 0.577217
276.239460447 69.0194508275 39.7379 0.105902 0.631426
278.971116185 70.113906005 40.1363 0.149495 0.550462
287.80035601 68.6367411209 44.1453 -0.0897541 0.744961
291.41291 70.47433 34 0.257956 1.13185
333.6 71.5 39 -0.11333 1.89433
12.6874308835 66.9278573097 24.8776 1.02303 0.530683
16.4670125385 65.3699522965 40.0118 0.350418 0.559542
20.1680918371 65.6469296063 41.5532 0.242731 0.330865
23.7550585842 67.1196911911 44.5282 0.00938402 0.579319
28.0560498127 64.9180820549 46.3538 -0.370901 0.717327
31.1358616639 66.4488572992 43.229 0.228315 0.382716
35.595062954 67.0784644674 38.2453 0.426203 0.322298
40.0378357519 66.5042292493 36.876 0.349022 0.620488
44.1278751175 65.8211812742 31.7765 0.634234 0.416309
47.9252730683 65.3105795263 34.163 0.159968 0.446489
52.5841528045 65.2975948333 36.6834 -0.226974 0.755652
56.3109331828 64.9951351435 40.4741 -0.668787 0.588986
59.7657887275 66.3008414928 40.1538 -0.632488 0.826171
62.4256415741 67.1192311806 40 -0.703046 1.16357
72.5 64.6 42.5 0.280137 1.23942
76.6045562318 66.2618264345 34.2603 0.619428 0.582833
79.7752318013 66.8091887047 42.7805 0.00733531 0.726299
84.5085139923 67.2715022717 42.1732 -0.184686 0.710699
88.0034245435 66.4388536258 45.6001 -0.216044 0.596314
91.1851857352 65.1928977036 44.9118 0.328929 0.588347
95.5678701943 64.1 43.7 -0.0552893 1.27529
99.8874783152 64.6115715318 42.8928 -0.0372507 0.882993
102.7 64.2 44.6 -0.0378839 1.30068
112.02562417 65.9472545532 47.3163 -0.0122354 0.97976
116.5 65.5 46.4 0.12078 1.35752
120.393541351 65.5049587147 36.8468 0.0106823 0.620077
192.872641205 65.5169654921 30.2 0.240727 1.03718
196.304209075 65.0687242657 31.2429 0.24576 0.679284
200.056004834 65.6797664256 32.2269 0.276739 0.70359
203.812475028 65.4934133724 32.2863 0.210209 0.639894
208.118190772 65.3617422164 31.5444 0.367447 0.627031
211.928791899 65.0987510313 30.2381 0.317831 0.320871
215.708153523 65.502724301 31.4827 0.646368 0.511736
220.346341259 65.290976796 33.0421 0.869578 0.511368
233.29 65.29 27.75 0.550949 1.35207
263.997267359 64.3186658017 35.7016 0.0632608 0.981264
267.66208706 66.2452777806 37.9346 0.266879 0.60225
273.62906738 66.6531347591 37.8369 -0.0138786 1.03873
276.301674418 64.3661461991 36.0281 0.0421725 0.699929
283.469329439 64.2299616316 37.4923 0.138363 1.03066
287.565775946 64.6633340681 43.8025 0.184368 1.21053
293.246888802 64.1601658057 44 1.0737 1.04376
294.818802875 65.9513990119 34.5812 0.496133 0.733093
308.26 64.18 36.3027 -1.63832 1.2153
322.55 65.62 34 -0.0877492 1.16562
337.11967668 65.3742187271 26.6498 0.636263 0.338117
339.988328309 64.7234420617 28.921 0.673942 0.0917799
343.304384309 65.5843805506 24.2761 1.16572 0.0533465
-1.18186865966 60.1539104179 29.2327 0.200646 0.806818
5.46237838176 60.8922123011 31.1332 0.338161 0.234004
7.94840432932 61.5905759541 35.0834 0.70791 0.138585
11.4486262512 61.1997011747 38.8608 0.17013 0.199216
16.145826791 62.0882565442 43.4821 -0.229777 0.366326
19.6119396242 63.0055563756 42.601 -0.246748 0.487854
23.7445893392 62.0584849296 43.1156 -0.470438 0.479966
28.4088627125 63.0150615645 47.5 -0.470525 0.671935
31.5000852099 62.5292516264 36.04 0.183497 0.521615
37.0490969732 63.1313674345 37.4599 0.293003 0.773883
40.4 62.8 42.6 0.300811 1.24408
44.3 62.3 38.5 0.257047 1.12112
47.3927479752 61.12420992 38.6514 -0.20502 0.562281
51.8159312257 62.6706613701 40.2564 -0.538743 0.586192
54.6 60.2 42.2 0.463665 1.23157
63.8688852457 62.749013347 39.599 0.283785 0.577812
67.9167033359 62.6989691627 37.9628 0.10474 0.552913
72.6792778083 61.4510123374 37.974 -0.0853846 0.496484
76.0017400873 61.4083238563 38.9022 0.02317 0.410324
78 60.1 38.33 -0.212463 1.86109
84.6 63.3 32.6 0.199745 0.951013
93.0069990411 63.8155515904 43.4099 0.279374 0.732117
95.7707988969 61.8427170094 41.898 0.0585572 0.407177
104.590313566 60.9 43.447 -0.109705 0.896118
109.092048009 62.1207224822 41.7395 -0.137336 0.861092
111.910828333 60.5574309723 40.5505 -0.0821171 0.835205
115.735178844 62.1837443827 42.1412 -0.144286 0.709469
120.6 62.3 40.7 -0.339979 1.18481
123.067843609 61.7678436095 44.8 -0.148426 1.31063
128 63.2 38.8 0.0863461 1.12962
191.416920064 62.8824326781 25.0619 0.0790045 0.653204
196.323391391 62.040430952 31.5226 0.0931765 0.88387
199.9542701 62.0084773039 32.1202 0.198427 0.450665
204.389298183 61.5564519795 33.8849 0.163572 0.444254
208.556352361 61.8485941177 36.4768 0.421405 0.643979
211.588579941 61.022218628 41.3422 1.15565 0.628935
215.4033088 61.1393370624 34.5098 0.967165 0.228303
219.42693821 61.5687780555 34.3968 1.12592 0.396183
223.378831873 61.8024757574 33.3885 0.857037 0.469456
227.618632219 60.8189347742 32.5565 1.05156 0.915518
231.352834818 60.0841346007 33.2569 0.709454 0.621295
241.531770804 63.5 30.6 -0.253079 0.897005
245.184301276 62.5441312541 33.3515 -0.454427 0.834787
249.225509404 60.6191320531 34.5 -0.711669 1.00667
265.929902816 61.0977500976 40.4282 -0.350822 1.11355
268.242042753 63.1165552775 39.0174 0.183972 0.560049
276.277520549 63.2906838342 37.0492 -0.132837 0.720297
281.130873828 62.7876811367 37.2501 0.221855 0.724138
282.088788793 62.4182310076 37.422 0.0459981 1.02897
288.0517 61.5849 48.6 -0.525088 2.38936
290.971516189 62.7708569074 43.9038 -0.2415 0.706585
337.742933833 63.885873235 16.761 2.06973 0.297134
340.102111236 63.7651439339 20.3759 1.47773 0.208704
342.893713606 63.9584148521 27.4921 0.725419 0.174855
353.236677981 61.9995091927 29.3056 0.294368 0.806837
5.41129458634 59.1248114245 30.7228 0.183618 0.671482
8.31218583157 57.9976003847 33.5142 0.156596 0.143254
11.8371036131 57.9737802135 36.6711 -0.0328641 0.200188
15.718426713 57.4779475466 41.489 -0.217588 0.285643
20.1116301421 58.0380552672 45.131 -0.431647 1.55982
23.0614484634 59.3971739749 31.5052 -0.176105 0.820577
26.9215216114 58.3499104344 44.9111 -0.45611 0.830023
30.317 59.767 48 -0.565611 2.34882
36.2003262859 57.6249178388 35.45 0.0728261 0.470626
40.4129413986 58.6886811512 42.6145 -0.255028 0.3936
43.6442738259 57.9903909003 43.5667 -0.563171 0.451555
57 56.7 39.5 -0.0527791 1.14973
60.586138567 58.5183994444 42.7042 -0.377671 0.810618
64.6830994237 56.8365150496 40.2877 -0.203031 0.82885
69.3 56.1 36 -0.615821 1.04678
71.3236731957 58.1378771131 40.205 0.291824 0.828084
80.6371616106 59.141495717 37.3757 -0.21315 0.628348
83.7725800978 57.869137879 37.585 -0.168328 0.387663
87.3434911564 57.2591758443 45.5504 -0.551057 0.942573
100.164013536 58.3209343816 40.6354 -0.0743279 0.402934
104.61935912 56.5366459675 39.7696 -0.230775 0.992182
107.371485345 56.2406829334 41.5681 -0.742093 0.858103
113.019161166 56.5 43 2.13906 1.25966
114.703453035 56.5881774727 39.7246 0.122981 0.579745
118.067879024 58.4871516095 42.5 -1.03364 1.23683
157 57.1 38 -0.161684 1.84342
159.731415449 56.9116138928 29.2815 0.75945 0.655842
199.737662486 59.5209833143 34.3071 0.0292011 0.834173
204.594769688 58.6892291422 31.693 0.344256 0.628809
208.00617939 59.3436825006 39.6238 -0.135117 0.966079
220.535151921 59.7461700078 35.9879 0.105934 1.01413
225.093510751 58.9448162543 33.0271 0.667364 0.7399
229.361232846 57.3821236055 31.2086 1.32365 0.695686
232.654015026 59.7507522213 35.1945 0.492185 0.724911
237.1 58.8 41.2 0.196021 1.19853
241.316272044 56.7969033035 37.7457 1.02943 0.777491
242.882924436 56.4619826773 41.9793 0.551038 0.70839
256.161684025 57.1716029125 42.0593 -0.315177 0.548001
258.8 56.4128798962 49.6 -1.05984 1.45572
265.91326603 58.7617339695 41.5311 -0.208489 1.14508
281.233623318 57.3352577514 38.4996 -0.0658325 0.772441
296.333388294 56.9177173523 37.5509 0.397351 0.565027
298.419586495 56.4585170683 33.2408 0.22092 0.730336
353.529344427 57.0704385045 32.4141 0.470382 0.895178
355.684337881 57.6434746891 28.408 0.652242 0.169762
-1.01837536785 53.2805293407 32.8576 0.639023 0.317555
8.81116792353 54.0821123497 30.8797 0.123329 0.208848
11.8395583432 53.8443923941 30.641 0.199978 0.193844
15.9601446037 53.2701240626 33.3832 0.0862002 0.236387
19.8104561056 53.2291418841 40.2899 -0.392505 0.280694
23.2370832923 54.6107775091 43.7887 -0.431428 0.336152
27.9607369178 52.8174072224 45.6218 -0.0911277 0.546212
31.3525297384 52.2846353715 39.6793 -0.17263 0.994075
37.1813870227 55.0342567817 48.4888 -0.464137 1.67941
40.7393028427 53.7761301993 46.238 -0.856983 0.552976
52.2496726709 53.427611917 37.3984 0.315419 0.257578
54.4073734369 53.0678793347 36.7926 0.376787 0.30625
60.33 54.78 38 -0.235558 1.38159
63.7709190405 53.10616205 41.7429 -0.70384 0.608544
68.9661848203 55.037634054 39.9195 0.0717564 0.584609
71.9253653007 53.4362604621 46.3915 -0.483336 0.959246
78.1871894462 55.2 36 0.146559 1.04824
84.1718677657 52.7215482561 45.12 -0.872786 0.765941
87.9198427997 53.7393264632 45.7742 0.0320352 0.473397
91.8652776953 54.1792970791 48.1828 0.116102 0.533859
95.8227103577 54.8594316915 46.1392 0.586897 0.676013
100.003033093 55.3699513308 42.6435 0.308916 0.556417
104.11862273 54.2247943088 39.5387 0.245226 0.297722
107.782832565 53.8160376136 40.169 0.328089 0.443295
112.695843194 54.8047225646 41.489 0.535395 0.367543
115.910000641 55.7655049338 48.576 0.764294 0.637004
119.371498947 55.1276306641 43.1987 0.705957 0.826021
123.610991149 54.1570456604 39.2632 0.299432 0.523659
127.475887443 53.7633256915 39.5305 -0.020304 0.471668
132.386005107 54.0125149418 39.0774 0.194489 0.569313
135.909966134 53.3070702763 37.4001 0.269812 0.444737
139.519987459 52.4396913852 34.8314 -0.00536649 0.507674
157.850287856 53.3099886594 25.8747 0.796246 0.502455
160.219675247 55.6233988094 28.323 1.1995 0.37105
185.8045 52.2027 43 -0.321941 2.0944
193.728411661 53.9972539949 40.2174 -0.184668 1.38321
196.064557906 54.8269699635 29.0236 0.467761 0.382521
199.5234 55.3493 38.5 -0.262619 1.86866
228.987576398 55.7360289921 28.9606 1.15538 0.602639
231.5 53.006380188 30.39 0.612546 0.88885
237.279849444 52.561660547 29.959 0.730063 0.510414
240.652180405 55.4832640278 38.5228 0.543069 0.501752
242.774953423 55.1240943328 41.8817 0.273026 0.610548
246.6503 53.223 38.6 0.45578 1.87713
253.033183886 54.8322091351 41.7863 -0.233711 0.702394
256.051214703 54.6156830487 42.9917 -0.424431 0.363078
259.11620504 54.2182384539 41.4418 -0.314022 0.316505
269.64113185 52.4788255172 39.2624 0.151828 0.770943
271.270401038 54.1754252772 39.9517 -0.0159924 0.957434
275.521049358 53.8179235473 40.0196 -0.0364918 0.781276
282.35920356 53.5299881589 41.2654 0.0078044 0.705171
287.877800078 52.9159161911 43.3658 0.614339 0.875253
292.720177625 53.9671139383 41.2096 0.539759 0.649438
300.816785361 55.0923205431 38.0665 0.21725 1.28763
349.9932 54.2277 28.9 0.251827 1.40543
352.178195884 53.4083740107 30.7654 0.368716 0.178967
356.744748446 54.3850562813 31.9296 0.42652 0.18511
-0.1462015512 51.2776059934 35.9348 -0.221971 0.543972
5.19277157417 49.8013554585 32.1508 0.394324 0.257147
8.33697397759 49.7019909233 27.071 0.750277 0.0717823
11.9096634302 49.9314271739 29.4284 0.670029 0.0953407
15.5315517413 50.0427193632 32.3544 0.427822 0.134638
19.6337416968 50.8623740834 33.6638 0.181588 0.331345
23.3463596494 49.9522792481 31.071 0.533342 0.366637
28.4520685816 50.1016020025 44.0017 0.131805 0.388572
32.0486381564 49.9221144856 43.3392 0.155583 0.292629
36.6147574617 49.1091029064 42.0794 -0.0703659 0.334098
38.5162587782 49.6183875048 44.1006 0.389113 0.579663
48.6778461987 48.6013828108 35.5348 -0.786997 0.815959
52.0688383745 49.6225795299 35.503 -0.648234 0.328356
55.5959097864 48.3213171783 37.8537 -0.743129 0.639463
59.94 49.26 43 -0.215671 2.09985
67.9 51.8 44.2 -0.19284 1.2889
72.5678794269 50.0678794269 42.5 0.210107 0.876
75.2631092978 49.5527954357 48.1081 -0.0267012 0.814503
80.7519152759 50.9508208325 49.7995 -0.437769 1.03484
105.27096659 48.3695357049 44.3521 0.656752 0.817856
107.707401522 51.4607023586 38.4103 1.07424 0.485048
111.591485998 51.495277369 41.7757 0.0158347 0.610004
116.978909923 48.8658998125 33.3063 0.595248 0.662483
120.343976597 49.6815163337 36.9024 0.635855 0.388282
123.708752367 48.7698158927 34.3007 0.301306 0.466086
128.402242093 49.7854396208 32.6845 0.154461 0.379862
131.267973997 49.4807843982 39.22 -0.191416 1.14076
134.254358777 48.4620611193 32.7826 0.0439521 0.920057
140 50 30 1.29278 0.880279
143 50.5 36.7 0.526656 1.06811
183.3158 51.8823 36.8 -0.070002 1.78528
237.393409357 49.2245875283 28.6001 0.640705 0.298332
240.104343719 49.614421813 32.6002 0.745058 0.202308
243.416714847 48.9664284608 35.1527 0.857608 0.30374
248.09103104 49.5266655136 41.8671 0.604563 0.345082
251.425759013 48.9652290585 41.4452 0.478743 0.417159
256.145456862 49.3271478279 44.204 0.236113 0.308889
259.65668058 50.0735769715 42.6767 -0.132991 0.313213
264.70036978 49.143145629 38.8948 0.283563 0.481497
269.108547554 49.9380221764 41.7161 0.0182197 0.525879
271.835732526 49.4430016801 41.1995 0.378759 0.917457
276.943060862 49.1188655847 45.9249 0.785694 0.438817
279.922288844 48.9385268382 40.0109 0.364634 0.308082
283.516886585 49.6538462683 34.3002 0.225243 0.526414
287.958592373 50.4626528559 38.8813 0.08746 0.581253
292.287596258 50.234881643 41.3232 0.296213 0.687779
296.08202166 50.9157923521 40.5577 -0.0818018 1.39721
303.515837242 48.8464367063 34.6185 0.145772 0.260717
306.431893218 49.2 41.5 1.07105 1.21552
349.774538949 51.9458325222 31.2416 -0.271921 0.860338
351.147173967 51.7690459787 31.1239 0.263439 0.46639
356.086881181 50.6074426648 29.4533 0.485668 0.232941
1.176319746 45.3893803972 28.5295 0.400053 0.459504
3.7035908077 45.9089060613 28.4264 0.831599 0.126355
7.18495663632 47.7635134746 26.0571 1.07842 0.214464
12.021788737 44.8824093902 26.3334 0.489468 0.463672
24.4232850133 44.3813499261 31.7156 0.236069 0.490019
28.0394580789 45.6003504851 34.8404 0.120283 0.354662
33.0565903407 45.7864461826 37.9515 0.714663 0.611301
35.6150212349 46.6796419189 41.5097 -0.0444011 0.246659
39.6108971301 46.3891028699 43.4852 -0.297748 0.902365
45.3705698241 45.1176185509 41.3646 0.0415554 0.430661
46.7603293746 46.6191622414 43.8306 -0.76249 0.888553
51.058768958 47.556792587 40.3148 -0.461811 0.587211
54.9225964262 46.2482717891 39.0469 0.057128 0.333398
68.5 44.5 44.7 -0.706902 1.30418
71.6449088776 46.0997613141 42.736 -0.215953 0.81111
76.5521347953 44.7138217981 46.0266 -1.56594 0.828244
78.6 46.0255849237 40.5 -1.49227 1.18045
86.3612903488 46.520430387 47.472 -0.164017 1.64545
90.73 46.49 45.48 0.911883 2.22578
104.997183303 46.751093519 44.1952 0.843933 0.556743
107.891049313 46.3034369201 43.3536 0.874674 0.37371
110.753692865 44.9984981365 42.1973 0.611971 0.918787
116.816068512 44.9415264032 38.4156 0.718188 0.353135
120.219177217 45.6872910481 36.1083 0.55994 0.185023
123.740605428 46.1052668373 33.9526 0.166173 0.217822
127.866571434 45.7064252715 32.3996 0.363664 0.154258
131.489204952 46.2195356958 34.4182 0.137141 0.253062
135.757867602 45.9261429489 29.682 1.06057 0.453487
142.251608755 46.8212664107 29.1469 0.438463 0.60654
237.68570008 46.1433975228 37.9889 0.505196 0.342552
240.095329984 45.8165455115 32.813 0.907544 0.124747
243.80154802 45.2911086451 32.2115 1.45592 0.14091
248.080200355 45.6618163436 36.128 1.69683 0.203875
251.877147199 45.7202076005 42.2036 0.96499 0.200685
256.044379678 45.710718846 41.2409 0.627338 0.253708
260.425592155 45.8852530578 37.3024 0.337157 0.352776
263.90962918 45.9452928589 38.7308 0.147941 0.318196
267.809365012 46.2583497162 41.326 -0.0239664 0.318387
271.646671551 45.4044449357 38.8251 -0.0980647 0.31293
276.064638307 45.7311092142 37.3063 0.188785 0.381178
279.947726497 46.1707815434 38.7345 0.183321 0.188476
283.793578332 45.4418178293 38.3622 0.180553 0.179781
288.185854296 45.6267751805 37.6897 0.247997 0.230066
291.36484752 45.7642963258 34.0362 0.112537 0.269693
295.571280852 46.378365166 41.8327 -0.195903 1.05889
299.076710474 46.4344777211 40.1771 0.338408 1.0057
303.665708976 47.6915078676 34.6775 -0.050469 0.788776
357 47.8 31.5 -0.112755 0.920566
0.0259404870367 41.438193779 30.062 0.755725 0.26206
2.84967855541 43.8053143249 27.5757 1.05131 0.672263
8.86721252955 42.2144573713 29.9795 0.38506 0.388747
13.3554340347 43.165015619 33.5595 0.384137 0.466624
15.9164159657 41.3524024035 30.1471 0.561926 0.292977
18.2684736273 40.1360700535 31.7658 0.0906519 0.890631
24.540566075 41.3254834225 31.4942 0.453902 0.464314
28.1786667097 40.7129137903 30.9377 0.310075 0.179002
32.4057481691 40.9290472752 33.0089 0.900962 0.309659
35.0550877425 40.8693246914 36.5646 0.777242 0.361029
45.9064305955 43.3553926517 45.2163 0.0539598 0.936066
52.9342808095 42.2631919146 36.2216 -0.483525 0.890259
55.5149114355 41.7159645062 37.5907 0.178348 0.264864
59.8854379781 41.5893330356 38.7736 0.274185 0.253329
63.9256559833 40.1871720083 40.2411 -0.141862 0.829425
66.6 43.2 40.7 -0.21557 1.18386
108.046409645 41.4921707944 42.9823 0.797576 0.218053
112.194049645 41.1573266338 41.978 0.922294 0.18289
116.013177341 41.3302903256 37.9222 0.672267 0.119999
119.79467775 42.2388326754 33.878 0.401587 0.146651
123.957844627 42.2954681048 31.5619 0.295805 0.161196
127.44477981 42.676614257 32.1331 0.632861 0.206789
130.4954863 42.9532866133 32.4505 0.380238 0.643933
237.737826718 42.8309801227 37.0398 1.217 0.461391
240.352942862 42.4859985218 31.6137 1.54913 0.112796
243.743368311 41.9520365342 32.7245 1.60975 0.129387
247.961285455 41.780363882 34.1789 1.75745 0.15847
251.880696193 42.020913076 41.1371 1.66055 0.23193
255.539224571 41.7583960929 42.3535 1.24646 0.240761
260.139871566 41.7090673654 43.6878 0.272152 0.418725
264.211999203 41.9287353686 42.1703 -0.0176274 0.326345
268.310503861 41.7413895755 40.1423 -0.0696797 0.251178
271.924555433 41.6194768587 40.0457 -0.100726 0.305799
275.66438096 41.8198271262 39.1369 -0.0748906 0.271132
280.333234298 42.4517967448 41.2677 -0.0687598 0.264522
284.064925798 41.7393681194 38.4693 -0.114815 0.241883
287.49298102 42.3800153306 32.1215 0.212573 0.211297
290.365303 43.919701 28.25 0.309562 1.37843
300.15 43.94 35 -1.85313 1.27886
352.39195888 41.4977214922 30.5577 0.676061 0.155538
355.573394035 41.7671390587 35.0317 0.663385 0.213859
-0.115324062876 39.143831092 25.0704 1.00361 0.381822
3.08420336283 38.5550606978 21.8564 0.611483 0.352559
9.16314592399 39.6056811883 30.4527 0.375218 0.504651
15.2351369135 37.5117161407 32.1311 0.211379 0.417444
21.5058833495 37.496504963 31.3115 0.403516 0.767518
24.6255123146 37.8190229695 27.4207 0.520556 0.267057
27.8717652162 38.0645360776 27.9552 0.761371 0.152235
31.6399397961 38.4210442278 33.708 1.00464 0.251744
35.0071084339 37.6649455707 31.3608 0.799646 0.360496
53.7 39.4679322863 41.5 -1.17316 1.20889
55.0102684501 38.9891898318 37.4552 -0.343926 0.293944
59.5713322177 38.8322353652 40.5089 0.124338 0.258851
63.5208737784 38.8013142831 44.5902 0.109499 0.327349
108.215271917 37.8438889872 42.3009 0.968755 0.161743
112.286000314 37.9743064639 40.272 0.809874 0.115068
115.63372406 38.3666957584 34.0433 0.172166 0.10626
119.53056694 38.1077789503 32.5392 0.095876 0.199453
123.523883176 38.8490998569 31.4394 0.121872 0.541236
127.634689206 37.2249341997 30.5267 0.365931 0.386784
237.574913601 37.8357644048 23.5696 0.829784 0.304832
239.919942424 37.820654137 30.5707 1.17997 0.122551
243.940528069 37.8709375177 31.5215 1.38159 0.138299
247.49041695 38.3715986071 35.4479 1.64485 0.191568
251.667874595 37.8062580437 43.0827 1.68022 0.220309
255.777311309 37.957756092 43.2907 1.48573 0.220856
260.160177974 38.290866868 41.4215 0.13225 0.321879
264.127143966 38.0691213642 41.3114 -0.046938 0.33762
268.388320558 37.8312658132 42.3681 -0.189717 0.193368
271.794134102 37.5434185985 41.9214 -0.168271 0.157812
275.614554333 37.3782749984 42.3311 -0.0965069 0.227129
280.216146888 38.0163139677 39.1544 0.127141 0.336322
283.296964039 38.3367519945 29.1055 0.305498 0.219193
352.191456454 38.2095825838 29.5717 0.378287 0.147245
355.714016756 38.5614281963 30.5081 0.748631 0.215289
4.10514687237 34.4001192767 38.071 -0.0714921 0.742308
8.58207099682 34.5281443387 35.8533 0.00585366 0.429275
12.3277707377 32.3333197539 31.1002 0.507118 0.508873
14.6630571253 34.7949018866 28.4 0.316845 0.807994
20.88 32.52 29.9351 0.490995 1.02865
24.845507835 35.1808164732 30.1293 0.699697 0.313628
26.989417704 35.4655424907 32.9765 0.13773 0.938709
33.3060379224 35.0480659865 26.4643 0.831548 0.668736
35.8739841293 32.6612307186 32.9182 0.495135 0.450325
39.158118403 33.3818944444 36.4995 0.408296 0.885943
43.6661536952 32.9409497355 45.3974 -0.795648 1.07632
108.604596232 35.1851231956 38.6498 0.661992 0.258684
112.265816947 35.2698434786 34.8705 0.51493 0.205978
116.064937863 34.36797693 33.1875 -0.0134001 0.187923
118.757637235 34.1120000628 32.1896 0.131331 0.22081
128.422750892 35.3060662235 30.538 0.279935 0.526012
133.350027377 35.3153269576 25.095 0.928273 0.876973
240.955424863 34.4381271032 27.6986 0.692977 0.145441
243.705608969 34.0425657282 29.0591 1.03354 0.0954544
247.945916344 33.8879674397 30.911 1.16683 0.133797
252.256558682 33.8262138253 34.5702 1.56808 0.138101
255.865425354 33.9083998511 43.0426 0.93912 0.214834
260.415039311 34.2027125896 41.0305 0.303812 0.324653
264.342083846 33.8788138312 32.6028 0.300328 0.254739
267.469384562 33.9744656103 32.4385 0.168198 0.165237
271.559903667 34.3830622391 38.4283 -0.0475816 0.226456
276.02675911 34.1219626427 41.5582 -0.0374026 0.208439
279.766944884 34.2301326233 32.1256 0.0849316 0.185448
282.525963442 35.0606120843 33.5339 -0.107797 0.549484
353.055732799 33.2013343056 33.4562 0.253328 0.328392
354.935969071 33.2348373732 35.3045 1.16733 0.254883
15.4968085091 30.0855699649 29.8751 0.458622 0.844544
20.5614373719 29.9336534808 26.0573 0.517685 0.90377
25.3338758103 30.367673442 35.5 -0.102366 1.21792
28.5010104739 30.3518207415 33 -0.462821 0.825733
32.4340665819 29.5033756754 33.811 0.555398 0.621757
35.3497412644 29.968305013 31.5249 0.706749 0.136819
47.0045304507 30.3461016066 46.2967 -1.14006 0.611249
112.50697315 28.9255892368 34.3482 0.0897928 0.251512
116.103534328 30.2870920825 34.3053 0.0573213 0.133593
119.810107108 29.9950820403 32.1081 0.209985 0.129133
122.211708497 30.4412431495 31.4884 0.083944 0.882496
244.720689435 30.1924689066 31.6364 0.743249 0.490559
248.400263433 31.229781425 25.9738 1.29303 0.427676
251.167510077 31.3285560563 30.8116 1.4626 0.363211
256.321325412 30.3052646485 38.6707 0.823527 0.298619
260.243054857 30.1268014702 36.3622 0.308136 0.322797
264.046192042 30.302574944 32.8295 -0.0786538 0.269334
267.15642196 30.9926781101 28.1144 0.395322 0.624095
271.295242809 31.3209736445 35.297 0.0186929 0.471339
276.401306112 30.66927817 36.4819 -0.132867 0.348789
278.579270126 29.5202853572 35.3225 -0.115056 0.476815
349.9678 29.5781 31 0.197767 1.50667
352.092108711 30.4680743772 31.7144 1.05954 0.18871
355.390558671 31.4160821468 33.9232 0.894485 0.427023
14.45 26.08 30.44 0.604084 1.4771
23.13 24.1 36 0.222302 1.74701
28.6547184386 25.6363813242 36.6638 0.00554677 1.25869
32.8183854862 26.1420126578 31.4919 0.35453 0.68977
37.2127256213 25.5142038839 31.9954 1.06268 0.213827
39.7074231146 24.9716088161 34.6171 1.16616 0.276849
43.2294998833 25.5557410079 38.0628 0.619207 0.43828
47.9152298901 25.1298370437 43.3206 0.113635 0.588614
50.9532654942 24.3534279076 38.7311 -0.388502 0.704809
54.9478431346 24.6320010561 34.2289 0.00930194 0.746332
72.5405485192 24.5229441122 44.4887 -0.0395255 1.53433
79.0439234634 24.1214998592 41.3984 -0.17045 1.04061
109.397824441 25.1967308073 35.5228 0.314902 0.455648
112.132330306 26.1460248248 32.7725 0.296561 0.17611
116.194473577 25.8147405513 31.3783 0.434745 0.134688
118.999976888 26.1994644831 31.3432 0.365451 0.146217
248.305519024 26.1149617322 24.5317 0.703783 0.366524
251.399790765 25.9919041866 23.0268 0.850288 0.658559
255.316364888 24.9222336117 42.3226 1.26488 1.05725
260.919629515 26.6044922384 31.029 0.341505 0.759875
262.1071 27.5459 31 0.124874 1.50469
277.764297 27.6702 42.25 -0.393432 2.05461
278.940797523 26.6126134301 35.303 -0.121027 0.572698
5.53 22.79 38 1.13267 1.84686
32.6438748594 23.499167722 39.4844 -0.105212 0.677996
34.1143 23.8559 28 0.632694 1.36366
39.936952093 21.6669113497 30.8217 1.2656 0.246972
43.7563746857 22.392773249 38.0632 0.794033 0.317321
52.8436192337 22.9379205327 33.4552 0.0832026 0.61418
55.9936338769 22.7993213714 34.238 0.110693 0.557253
58.7342328706 21.9848001792 35.4876 0.0404359 0.862496
69.5226529916 23.0759114237 35.6969 -0.0336818 0.488303
71.7556711223 22.3427536584 36.9176 -0.0381289 0.281986
75.4394537541 21.3428371122 39.3759 0.264782 0.725923
79.3602722655 22.7093843248 38.9399 0.139658 0.27631
88.3660040313 22.7 33.7866 -0.822243 0.700903
109.02732909 22.5514241987 29.1419 0.341099 0.289822
112.060725319 22.5966727998 28.4388 0.38188 0.14223
115.732859398 23.39195147 29.5992 0.334575 0.196411
250.198585984 23.2557284353 24.1391 1.04486 0.691409
256.157569769 22.7160482322 39.6813 1.41968 0.886088
261.200898147 20.7308108364 35.7955 1.26287 0.358365
262.560092923 20.078872154 42.73 0.0191419 1.47381
271.723809017 20.2261909835 24.2254 0.67443 0.850045
276.985855882 22.7815540442 25.795 0.966748 0.57308
288.8673 21.51149 30.5 -0.1786 1.48185
344.205454613 22.5465898244 27.7622 0.488367 0.604991
41.6048650507 19.9203238134 37.2431 1.86972 0.731113
42.7447457191 18.7512791813 40.537 1.36974 0.33345
53.7036588538 17.2265566522 30.1531 0.81527 0.663066
54.4055208911 17.3346304332 31.0256 0.526474 0.478537
73.7435535566 17.5689864728 39.0094 0.0346779 0.604445
76.3816020092 17.8676421482 36.0879 0.488772 0.28305
78.9327353202 17.4827804037 34.6005 0.372447 0.256374
83.3132935404 17.7088623603 32.3395 0.054631 1.11196
101.341088339 17.1048197926 36.449 0.366196 0.886708
105.145307211 18.4245837208 31.1992 0.190403 0.542096
109.268955835 18.8665557622 30.5041 0.379922 0.349794
110.346974099 19.3976132363 27.9003 0.395922 0.352095
260.718214039 18.528073003 37.0924 1.35637 0.247079
263.918298398 18.0880687652 34.2766 0.791275 0.188737
267.830668963 17.3580539999 31.7457 0.882713 0.890115
271.4 19.7262 27.3 0.405327 1.33144
1.7 13.14 41 -0.144863 1.98881
32.5551658016 15.5751650434 34.5344 0.302114 0.969208
37.45 12.56 39 1.82569 1.89517
40.483716061 12.7371619072 22.7338 1.6176 0.214556
43.9643251686 14.2949135907 27.5298 1.29207 0.285394
53.6220435478 12.5673953861 22.1814 1.03464 0.242508
54.2437150319 12.5541531477 25.0511 0.793734 0.616603
73.8210684147 15.4829381405 34.8394 -0.065375 0.988252
76.4094572007 13.6852294859 38.9836 0.456836 0.181807
78.8063950708 14.0715110025 35.5346 0.302817 0.361018
101.320951921 14.3150961572 34.5154 0.234675 1.18402
102.352741589 12.7440646028 32.5847 0.290861 1.13198
109.148158947 13.5531968568 27.8755 0.363708 0.960147
273.563318603 12.5845126983 31.912 0.371956 0.404755
274.369584637 12.6775219438 32.9806 0.385022 0.925244
343.04 14.39 26.3 0.452506 1.28392
355.99 14.5 42.6 -0.142448 2.07378
8.21510690606 10.41251506 35.174 0.70532 0.636882
13.5717415439 9.0369502335 25.3169 0.87662 0.520961
14.8492314981 10.4638459164 31.6538 0.423337 1.08761
29.2333444225 10.1430618363 40.1858 0.961011 1.30884
37.1492125338 9.21531145332 38.0205 1.70238 0.702858
39.9755650061 9.81189303412 32.089 1.56342 0.161662
42.5260439744 10.5412063811 27.0149 1.4768 0.676004
76.9282386644 10.1809620885 40.4309 0.233809 0.252954
78.7787416072 10.7190173608 38.8116 0.0217268 0.525994
108.599549745 11.8589549537 33.6388 0.985426 0.816917
273.745 11.843 36.2 0.273549 1.757
275.420823534 11.3783297069 33.6217 0.0285283 0.617995
284.490836912 9.11477008563 28.3787 0.47578 0.999065
293.049099824 8.99369413096 40.422 -0.223046 0.623105
295.975566729 8.89963682917 40.4534 -0.249069 0.356464
298.185 8.069 35.4 0.169772 1.71691
-0.186942976732 6.18309137472 41.4225 -0.00805174 0.44667
4.5334 7.5334 35.0635 0.275851 0.962361
9.0645722173 5.23454051572 28.6846 0.725355 0.626686
12.6091115869 6.80344148995 31.869 0.956979 0.376633
14.29 6.52 35.5 0.869962 1.72092
18.480038176 4.83286255016 41.3855 0.101121 1.425
36.6792945514 5.25255230759 28.687 1.30935 0.366417
39.240028903 6.68406704796 35.9359 1.78525 0.371707
80.6939045512 6.85029245291 38.2356 0.148716 0.758507
116.657845483 5.65431400678 32.3218 0.442624 0.154885
118.046432815 5.52834854786 34.2193 0.00481878 0.750432
292.702369814 6.44198561377 37.1758 -0.0877939 0.816217
296.501874826 7.56770256314 40.7214 -0.264322 0.385276
298.317501262 6.80701268768 36.0273 0.240598 0.781536
307.127740982 5.06960391762 38.3179 -0.24694 0.83345
355.14 6.68 38 -0.145036 1.84795
9.87000695672 2.66504782747 28 0.335773 0.964387
12.222438382 3.1710836762 44.8391 0.165202 0.980582
15.03 3.52 43 0.124645 2.0958
29.9 0.09 28 1.86974 1.36398
30.9287090386 0.836550660204 29.0987 1.60697 0.256989
35.9385431089 1.72465415236 31.9363 1.22891 0.248792
38.2627897835 2.07388197156 34.3196 0.801508 0.600162
111.362097297 1.86333940923 26.0696 0.530819 0.42931
299.478607446 2.39767907738 44.239 -0.339724 1.5315
308.123 0.905 37.04 -0.0238896 1.79859
13.61 -1.66 45.6 -0.168367 2.22773
28.6680647741 -1.48290941846 33.6706 1.14122 0.752323
31.82693709 -2.14591560588 37.0286 1.16361 0.422286
36.5936961442 -2.26650717632 38.0173 1.37857 0.249925
38.3000399411 -2.91844631359 38.1039 1.04307 0.481119
104.717724756 -2.90698523599 32.0267 0.0463296 0.898016
106.866807781 -2.44599775694 31.4847 0.0899709 1.08086
111.665148325 -2.69514832451 31.4852 0.0845443 1.08138
115.750518546 -2.3634789113 33.3556 0.0733081 0.421464
132.808985778 -3.20489394023 32.1398 0.178428 0.904741
285.21 -0.17 28 0.503452 1.36405
286.68 -3.816 36.8131 -0.114644 1.26487
292.998034783 -0.121078260902 39.6287 -0.239326 1.36224
299.893040415 -2.59826113954 41.0714 -0.292328 0.89481
305.524557362 -2.1276289908 41.4166 -0.310787 1.16471
307.941266259 -0.36 35.8059 -0.0515183 1.23321
312.00742103 -1.64120803428 39.2165 -0.270287 1.1051
315.875 -2.897 43.9 -0.443878 2.13494
319.816171067 -3.53326985712 34.1894 0.165819 0.474578
20.84 -7.41 34.5255 0.756125 0.947991
29.6599233852 -4.86203300706 42.0411 0.426972 0.836544
31.4129612971 -6.2335883023 39.0336 1.0068 0.381514
35.830720683 -5.79041994971 37.4589 1.04014 0.344022
38.7376323083 -6.75647674109 25.188 0.912403 0.914231
110.899737839 -6.41445636384 32.3459 0.141935 0.703478
119.752 -5.01410708988 36.4078 0.246173 1.24988
285.36649673 -7.31399984137 36.6297 0.00170139 0.727157
286.25 -7.47 35.2 0.151256 1.70599
290.096718512 -5.54543193992 43.9791 -0.340025 1.23904
304.498501132 -6.02377227905 37.2436 0.0170356 0.911378
309.811878779 -5.81229081077 39.7761 0.00663551 1.37027
311.853046022 -5.87397534225 40.4683 -0.089246 0.44969
316.315596263 -5.29506765602 40.0389 -0.0850509 0.400026
320.711467312 -5.54823828254 34.3492 0.373244 0.22818
323.539847943 -6.75302045635 32.4204 0.574544 0.220793
13.55 -8.64 33.279 0.422533 0.914381
20.72 -8.45 38.1877 0.743947 1.04946
28.524493306 -10.5153114686 40.2318 1.0779 0.501777
32.9296681408 -9.75635070405 40.3419 1.10991 0.202702
34.88631469 -10.0080884227 38.2694 1.03813 0.206336
105.652 -10.4807 26.3 0.343359 1.28417
130.656461094 -11.4857272639 33.6692 -0.0229983 0.62461
140.4141 -8.5181 27 0.395723 1.3174
286.098749393 -8.22633387733 42.2488 -0.181098 1.45208
293.78794489 -9.8184586677 43.6348 -0.331084 1.50732
295.929529526 -9.16521774355 44.9498 -0.403904 1.5528
301.613887349 -11.5003533954 38.0827 0.0440981 1.31696
302.963082054 -11.4807777587 35.2905 0.191478 0.771671
308.708021531 -11.9719784687 37.5978 0.0115448 1.29103
312.074911621 -10.3492059546 41.834 -0.0448799 0.496178
320.722317126 -9.66159028546 39.4656 0.270836 0.310469
323.356607607 -9.20632347675 34.9952 0.483358 0.222042
13.45 -14.91 37.7014 2.16924 1.03568
24.768798982 -14.0168648773 40.0726 1.06376 0.531689
28.3483535379 -13.5452992447 39.6351 1.07904 0.389113
31.3772690554 -13.2948912989 43.085 0.811767 0.493526
35.1996604666 -14.0231571347 40.3091 0.43365 0.427123
39.25 -15.08 41.0898 0.304208 0.985741
48.6550022931 -14.1762484901 28.9859 0.813135 0.308736
50.1815686042 -14.5550589608 33.0927 0.258768 0.643601
128.76 -15.68 38.1 -0.214345 1.85252
131.740437422 -13.9517881303 39.5308 -0.557947 0.658062
136.783 -12.1874 35.6 -0.149427 1.72774
143.047568943 -14.7165978285 34.8369 0.00347878 0.8686
293 -13.4871934385 40 0.116961 1.16482
295.563 -14.895 30.2 0.318617 1.46644
300.636739396 -14.2500485524 41.4579 0.0878631 0.709199
304.099289401 -15.5818300246 36.5386 0.0800451 0.78926
308.64277119 -15.1189024318 33.951 0.269594 0.621102
311.899415415 -13.5604580806 39.4119 0.216944 0.254113
314.927619372 -14.3263759333 40.8573 0.306672 0.669901
320.773033273 -13.1512972151 39.1222 -0.115236 0.411697
13.0458223064 -18.5136449822 36.1476 0.500258 0.431317
16.4730995411 -19.1811277621 36.2234 1.07949 0.583495
20.3617779944 -18.3619041298 38.5157 0.836247 0.826016
23.9971086975 -18.9995817901 38.696 0.68692 0.771179
32.3097990155 -17.7653099533 37.7759 0.647243 0.608085
36.5149889084 -16.961503895 35.9872 0.159579 0.772115
45.2244329409 -18.1765566383 35.976 0.329577 0.771154
47.621632435 -18.3603303099 40.172 0.610712 0.379789
121.148048742 -19.4591931749 35.4721 -0.102817 0.433615
123.826697237 -17.6028130715 35.5143 -0.0420417 0.310643
129.258000766 -19.8476418072 39.5467 0.0969346 1.11033
131.981258421 -19.4883721727 37.8138 -0.209597 0.479466
136.263725975 -18.5133180198 43.0549 -0.116502 0.267654
140.147506341 -19.110464663 38.4857 -0.15516 0.286433
142.480009331 -19.6094467119 38.1014 -0.0443924 1.32405
177.593730212 -17.8626013897 28.9629 0.231025 0.448473
179.01742912 -17.9353004212 23.6686 0.798527 0.347704
297.49558673 -19.3808417192 31.677 0.464694 1.08858
300.448482011 -18.4277823478 38.9875 0.249779 0.543392
304.11307764 -18.2763844911 35.3539 0.314047 0.437711
308.570967064 -18.2423235179 41.6622 0.249223 0.519942
312.578929787 -18.6641817993 40.9762 0.405679 0.406086
315.90338297 -17.8808825274 39.8527 0.526871 0.866851
319.361357041 -18.5767630145 36.7584 0.0830102 0.595204
13.7812082382 -21.1459431164 32.7579 0.173536 1.12583
15.6883130667 -21.9565122283 37.4704 0.937438 0.332955
19.7774840446 -22.7622499293 44.8576 1.00484 0.644184
24.5178052859 -22.8007529267 39.806 0.836538 0.606294
28.2776902889 -22.3738460053 40.4095 0.886622 0.298798
30.7897257968 -22.1950926503 38.8977 0.610144 0.431126
34.8666916126 -23.3929804568 38.0188 -0.159544 1.06834
44.6864309678 -22.3988563372 27.9369 0.920501 0.234591
47.1828382191 -21.8247433145 38.4072 0.526498 0.25327
116.871950485 -22.6724013653 34.4623 0.289347 0.332666
119.691326507 -21.4933533823 30.4622 0.451593 0.164648
122.846775722 -22.0217661765 40.9166 -0.0750671 0.752713
129.230333322 -22.0263147553 42.0323 -0.0654309 0.483037
132.217294797 -21.8215211633 41.6059 0.0341082 0.241291
135.232016131 -21.3992434116 38.8628 0.0703717 0.278025
140.379062436 -21.3787484451 41.5422 -0.171534 0.271051
143.46264925 -22.5094356383 38.2162 -0.0602609 0.31672
148.149243154 -22.5895634096 37.737 -0.0573254 0.448734
166.454 -22.3073 26 0.466566 1.27081
300.078815508 -21.6533761223 36.3356 -0.0375118 1.02589
303.926057698 -21.3095056177 39.3193 0.126525 0.447445
308.300130718 -22.1544122125 43.5507 -0.16938 0.469858
312.150972353 -22.2549543796 41.2352 0.279408 0.401363
315.80833039 -22.1753531307 36.8596 0.452688 0.347382
318.724554259 -21.3823466472 35.3861 0.061559 0.768713
17.0807998584 -24.3 42.44 1.50243 1.23792
21.782303 -24.11351 39 0.815158 1.89621
24.4207635684 -26.5815756265 38.6407 1.07274 0.268045
27.5967539938 -26.1150126677 39.5079 1.1754 0.249041
30.9520871494 -26.2734111404 38.6954 1.16357 0.454
34.8502135038 -24.1872119155 39.7716 -0.250691 1.11569
45.0860075151 -24.8697652719 30.9356 0.634723 0.497279
47.0513871024 -24.8255688162 35.4027 0.0958073 0.694009
113.66 -24.89 24.1 0.639101 1.18422
116.425686676 -24.8696703656 36.6587 0.159465 0.275757
119.062127689 -26.0836399205 37.7937 0.285677 0.583455
123.971910505 -26.0665882973 43.6062 -0.0250475 1.5042
129.112114257 -24.3989342612 44.3723 0.0287723 0.969201
132.523211091 -25.2774255126 44.0927 -0.0200411 0.46935
134.946829762 -26.4136060739 43.0014 -0.195462 0.54382
141.25816092 -25.6473105857 37.9323 -0.131074 0.38604
143.880774026 -26.0683101896 38.3527 -0.140731 0.228269
148.209685286 -26.1666991469 37.0263 -0.0944868 0.462351
151.779773941 -26.5764029312 35.8472 -0.598282 0.741978
300.655004137 -26.1646857671 41.9458 -0.329073 0.912928
304.727764694 -25.8763844996 40.1627 -0.143876 0.64517
308.02974815 -25.3122892984 42.4721 0.113984 0.620583
311.685379772 -24.971812397 38.1446 0.180075 0.656069
17.8296471544 -29.7827851623 41.3295 0.632312 1.03239
19.9076315567 -29.3280055249 41.2367 0.828569 0.446219
24.1826449032 -29.3242690439 37.0623 1.13597 0.286079
26.9485410429 -28.454045698 36.9673 1.08793 0.634129
116.649029202 -30.5628810439 36.1634 0.250056 0.408971
120.579865377 -30.3025514864 36.874 0.211205 0.289346
123.477365461 -30.8176382585 40.6578 -0.15451 0.268875
128.06 -30.78 44 -0.310841 2.14509
131.16267416 -30.3121083627 38.4357 -0.860862 0.476463
134.791307084 -30.6857744095 42.575 -0.251788 1.04505
143.419238177 -28.0743490973 39.05 -0.202891 1.13565
148.173510537 -28.9735105373 40 -0.85221 1.33347
301.826803476 -29.2969606952 39.5438 -0.261805 1.09097
303.912943673 -29.6699031212 42.9958 -0.41647 0.574301
307.148350267 -30.0693758102 40.2956 0.0393454 0.650841
310.442 -28.61 38.13 0.0338285 1.85487
20.9863226653 -32.7743054363 40.6299 0.651861 0.514106
22.4035398159 -33.3543227893 38.9534 0.294166 0.635506
26.51 -33.31 35.5 0.415863 1.72086
116.592050559 -33.6152961989 38.3548 0.235456 0.570736
120.327054419 -32.7499901792 38.8379 0.0135936 0.478352
123.350197994 -32.8844889338 37.9283 -0.0518671 0.379518
135.0909 -32.146 46.4 -0.32778 2.2701
141.3 -32.2255471363 36.49 0.533943 1.06377
143.81694517 -34.0845949834 34.4827 -0.0381241 0.46211
148.470578405 -34.4962353398 39.5073 0.380042 0.28896
150.952204887 -33.8132058701 33.3365 0.589745 0.479958
292.56 -33.5973592382 40 -0.753769 1.33372
144.534789799 -38.2451244496 30.8095 0.0474767 0.506392
148.109793661 -37.1247537213 39.0654 0.209431 0.527986
298.021 -38.057 41 0.14307 1.99758
145.114825232 -41.4252760871 23.6304 0.394094 0.606999
147.272236885 -41.8357152102 30.4032 -0.0944246 0.518522
290 -52.06 31.1 0.970786 0.911611
291.5 -67.3 36 0.460035 1.74653
353 -70.5 33.3995 -0.0660683 1.1458
