297.65 82.5033 29 -0.0935571 0.969876
14.1823805977 79.0808587476 32.8499 1.19855 0.67807
15.9191451053 79.1063817018 32 0.71592 0.934197
18.73 80.17 31.8 0.250868 1.1628
19.8063696141 80.3 31.9 0.461693 0.932128
47.376292 80.768692 31 0.563343 1.03448
273.5842 80.0533 34 -0.510593 1.13304
11.9229252497 78.9241552776 26.2126 0.592004 0.481145
16.2381571277 77.9177024487 33.5616 0.449442 0.393876
243.693609912 77.0191702641 38.18 -1.50762 1.11249
247.731884515 77.819130709 36 -1.22324 1.05106
263.5 78.4 38 0.421681 1.10681
240.732615373 76.2552749563 34.8087 -0.794995 0.764231
244.506407948 75.7871841034 39.27 -1.10549 1.1431
248.307665587 75.7650491325 35.6672 -1.0461 0.812284
251 76.4 38 0.4716 1.10759
18.99 74.502 28 0.325508 1.36534
99.5 73.3 42.2 0.147992 1.23098
249.5 74.9127893419 36 -0.892441 1.0484
265.1 74.687 35 -0.12882 1.16477
25.5 71.1 42 -0.540261 1.22396
69.9679500022 72.5807700013 42 -0.547363 1.22276
73.8744188159 71.606395296 37.75 0.195908 1.10051
94 72 42.1 -0.267851 1.22745
114.625521674 71.5 33.75 0.557769 0.985311
203.383 71.322 28.5 0.269191 1.38798
280.623448403 71.329530228 42 0.487926 0.993306
303.86 72.79 33.5063 -0.788362 0.924514
334.489817696 72.4578380817 29.7687 0.410661 1.04774
18.9089594288 69.6320811424 38.7196 -0.216857 1.33156
21 69 33 0.769768 0.962232
24.0855497199 69.9326616286 44.8268 -0.0540059 0.406911
28.0117896553 69.4763438445 44.0509 0.227982 0.497103
30.1971634969 69.5862989095 43.5776 0.140165 0.591125
31.4106237708 69.2323657284 42.5444 -0.232794 0.492024
75.6788700712 70.5707584506 38.3808 -0.0963409 0.791059
78.4128087626 70.2679780934 39.25 -0.38879 1.14321
80.5921593987 69.5602408341 42.9447 -0.234752 0.885087
84 69.2935828726 42.5 -0.0969468 1.23804
86.4170860366 70.2734933004 42.0137 -0.376338 0.866356
88.2755332839 69.9541154067 42.8357 -0.184805 0.721513
89.5 69 48.4 -0.289163 1.41981
115.7 69.2 40.5 -0.268951 1.18021
118.5 69.6679745632 42.3 -0.393094 1.23217
124.5 71 43.6 0.347943 1.27499
126.793624494 71 41 0.999145 1.20062
196.98 69.73 27.78 -0.196387 1.0272
200.413 69.105 39.8 0.177031 1.93042
209.387 69.836 32.8 0.11412 1.59235
211.244229478 69.4048174238 38.5044 0.170406 0.974808
215.57750388 69.798986567 34.69 0.0664744 1.19536
242.1942 70.7631 45 -1.19524 1.50655
266.442923888 69.54038056 30.5766 -0.0443787 0.845023
275.988560584 69.2884973458 40.6999 0.099649 0.792332
278.238765996 69.5751144597 39.3102 -0.000505152 0.661293
291.41291 70.47433 34 0.257956 1.13185
12.9748798351 67.8874399176 20.7 1.40215 0.627964
13.9026871195 68.3673072904 24.1712 1.1115 0.361122
18.51 67.38 43.6 0.186082 2.12924
19.6114271061 67.9055069988 44.6748 0.0641859 1.54448
22.1417238802 68.0497076644 44.6222 0.173197 0.402825
24.1985880601 67.7682608144 46.8331 0.272316 0.63262
26.1830835019 68.5188080815 46.2923 0.131866 0.585773
30.4651681146 67.8500759714 42.6315 0.664803 0.524879
31.7138555758 68.4208509202 42.5119 0.00378182 0.405338
34.05861925 68.0290183315 43.2211 0.325109 0.500413
35.8762195545 67.4002958988 37.8101 0.493537 0.416611
50.5 68.1 40.8 -0.0921083 1.18684
51.7 68.1 42 -0.280316 1.22352
53.1 68.1679205437 41.6 -0.567605 1.2108
56.4048510898 68.3841403875 39.747 -0.531654 0.817972
58.2 68.5 40 -0.277177 1.16483
60.3 68.6 41 -0.0681453 1.19456
62.4256415741 67.1192311806 40 -0.703046 1.16357
73.3191898709 68.5808101291 36.25 -0.187225 1.05366
75.8074658361 68.3569948776 37.4241 0.0136992 0.629222
79.6 67.2 42.9 0.212171 1.25448
82.5872088093 68.890406607 43.7599 -0.418505 0.902949
84.3475464552 68.1234402077 42.0743 -0.210159 0.614455
85.7128290139 67.5 45.72 -0.237292 1.33646
110.4 68.1 46.6 -0.118275 1.36172
193.561246381 68.6186001735 31.6466 -0.455791 0.818863
203.387 68.713 38.8 0.145426 1.88583
209.319 68.966 44.6 -0.150733 2.1781
267.43499112 67.8251626025 39.8212 0.197035 0.845358
269.938267638 68.0898661808 35.7022 0.0868145 0.980345
276.676113781 68.5512159793 38.0637 0.116783 1.04526
286.803268902 68.9217310975 43.7706 0.0754914 1.20816
288.412 68.4619194778 44.3752 -0.191121 0.946257
14.735 66.285 44 0.135524 2.14836
16.3422227782 65.3423992153 39.4737 0.408218 0.665447
17.3807737215 65.1807737215 40.5 0.233649 1.17926
20.1255329788 65.7076071295 43.0262 -0.173848 0.816812
21.8196822258 65.9156172425 43.521 -0.387338 1.22495
24 66 40 -0.565832 1.16218
28.61077844 65.17910448 47.5 -0.334275 2.32722
30.5342547164 66.3404434778 48.2497 0.390963 0.774476
32.2810424959 65.1816338132 37.996 -0.178636 0.948409
33.6681017302 65.0557116905 37.6798 0.278017 0.857087
37.7865928256 66.8894372479 35.8578 0.61478 0.739493
39.8 66.4191705097 36.49 0.390304 1.06434
42.0501259952 66.0687227953 36.5971 0.165796 0.753475
44.0820232813 65.8117731545 31.3133 0.610114 0.529467
45.9843969264 65.6123323618 30.8318 0.996086 0.639097
47.6098694003 65.4056860911 33.9644 -0.0994798 0.699436
49.980775397 65.567958995 38.54 -0.293765 1.12215
51.3256695004 65.4064173751 37.78 -0.360669 1.09896
53.7127927553 65.2 35.7 -0.107072 1.04072
56.4871863647 65.0256272706 40.68 -0.835951 1.18343
58.3035984025 65.7904982288 40.03 -0.78964 0.82324
60.6256577264 66.6064144316 40.31 -0.516795 1.17297
75.7 65.7 40.8 0.733086 1.19244
77.3 65.4 29.9 0.887076 0.876893
79.863585191 66.6121382697 42.7202 -0.0959444 0.890778
83.1 66.5 40.7 -0.0186834 1.18459
87.5920757456 66.6748379312 45.7028 -0.265934 0.668461
90.1016304473 65.2931093629 44.9049 0.0961356 0.85419
91.4334552778 65.8669105556 46.1441 0.0604556 0.957656
100.6 65 43.3 0.00710765 2.11049
110.6 66.1 47.8 -0.166475 1.39845
113.4 65.8 46.85 0.136459 1.37308
116.5 65.5 46.4 0.12078 1.35752
119.9 66.8127889547 35 0.392354 1.01906
192.073 65.56 30.2 0.186899 1.46739
193.671 65.474 30.2 0.29447 1.46621
195.352 65.708 30.8 0.448669 1.49662
198.231774643 65.9505066301 29.2442 0.30472 1.00633
199.349 65.501 30.8 0.347505 1.49628
202.077155584 66.0569979161 33.2976 0.222709 0.810532
203.551 65.528 31.4 0.150067 1.52169
205.741587985 65.9556582524 33.2489 0.322777 1.14234
207.901869457 65.5380321498 30.4899 0.445939 0.857667
210.142549665 65.3197320783 30.0302 0.428674 0.843954
211.738731271 65.5094740346 31.6692 0.131249 0.47967
214.626314991 66.0554046196 32.859 0.54179 0.80088
216.556109929 66.0612761908 28.9026 0.563653 0.995762
218.397892138 66.2902239935 31.0215 0.65964 0.873159
220.064 65.448 36.8 0.88708 1.78712
221.69186035 65.3604650874 34.8895 0.672044 1.19791
233.29 65.29 27.75 0.550949 1.35207
266.874836583 66.3970885176 38.0319 0.355997 1.04527
268.921722554 65.2147225544 36.3677 0.202181 0.998536
273.62906738 66.6531347591 37.8369 -0.0138786 1.03873
294.288326223 66.1433399363 35.0018 0.426042 0.96244
295.55194 65.68613 34 0.593 1.13144
322.55 65.62 34 -0.0877492 1.16562
336.271613463 65.8840264634 29.3729 0.507346 0.539951
338.248433521 65.4937376119 28.7994 0.528375 0.316987
340.543942512 65.6288791917 28.8073 0.388422 0.8154
342.415317969 65.8658490655 22.6092 1.17332 0.157352
343.337205271 65.7042327453 22.5166 1.24935 0.0614738
345.283761598 65.2971725428 32.9495 0.360718 0.388821
8.76977131751 63.1262241646 34.486 0.275759 1.18303
9.84503971724 63.2325986651 38.559 0.0771975 0.599979
12.0990622436 64.3365429454 36.8232 0.066939 0.900123
14.042008041 63.7583885003 38.722 0.258561 0.79111
16 64 38.8 -0.536427 1.12718
18.216345872 64.0942573461 43.1427 -0.350428 0.7178
19.6383795786 64.2897106418 38.2921 0.513849 0.440025
21.7888976413 63.467460472 42.1801 -0.276936 1.05592
24.5408457247 63.3756562364 42.5 -0.267157 1.46378
26.0034364683 63.6865146606 41.6789 -0.24471 1.17945
27.7677801555 64.3733798308 47.5 -0.430347 1.03972
29.7333237475 63.9703392147 47.1272 -0.114359 0.746174
32.3 63.5 39.7 -0.229281 1.15282
35.7172579923 63.9617580305 38.9399 0.242143 0.886963
37.6744290657 63.0808217993 35 0.19563 1.01979
49 64.8 34.5 0.0183594 1.00541
52.2743950233 63.3 39.6 -0.366858 1.15269
54.0907230548 64.2057525186 41.5328 -1.1593 0.855635
56.3192338358 64.9064112786 39.4 -0.301115 1.14629
62.2064143516 63.8192430549 42.16 0.287853 1.23092
64.0744253738 63.4680317172 40.55 0.23883 1.18205
65.2808146471 63.2 36.87 0.190351 1.07273
69.4 63.4 39.4 0.126423 1.14749
72.5 64.6 42.5 0.280137 1.23942
75.6 63.8 41.8 0.129234 1.21866
84.6 63.3 32.6 0.199745 0.951013
90.77 64.96 43.39 1.14524 1.58494
92.2331037638 64.1067584945 44.1395 0.286604 0.911246
93.2474067343 63.7280902481 42.9879 0.363717 0.888905
95.5678701943 64.1 43.7 -0.0552893 1.27529
99.7362908454 64.5291522616 42.8065 -0.0466629 0.972169
102.7 64.2 44.6 -0.0378839 1.30068
109.8 63.7 43.7 -0.263666 1.27598
114.467923244 63.2 42.05 -0.0436547 1.22514
119.7 64.9 39.9 -0.100702 1.16031
121.5 64.6 36.3 -0.307492 1.05697
128 63.2 38.8 0.0863461 1.12962
191.018639562 63.3 23.3 0.116083 0.705702
194.627 64.565 31.54 0.164059 1.5314
195.961 64.994 33.2 0.137628 1.61333
197.761 64.638 30.8 0.160017 1.49566
199.914159446 63.8508232577 32.9033 0.172163 0.799745
203.604072235 64.0672933058 33.5954 0.135463 0.941044
205.892918302 63.7518960067 31.9779 0.289907 1.09812
207.790498665 63.6710892619 31.4788 0.378976 1.0815
210.089502481 64.3767026712 30.8111 0.310378 1.06095
211.997739087 64.7277227682 28.259 0.506616 0.688373
213.564617287 64.5159499384 30.0616 0.517235 0.669963
216.125197607 64.1195380107 30.8713 1.12514 0.868466
218.048435352 63.5457510646 30.2 0.819264 1.03686
220.61 64.07 33.25 0.549044 1.61313
221.940695831 64.0312323319 32.7629 1.15023 0.719048
224.11 63.6 33.25 0.595573 1.61207
241.531770804 63.5 30.6 -0.253079 0.897005
263.997267359 64.3186658017 35.7016 0.0632608 0.981264
268.374476973 63.2319346078 39.0646 0.221219 0.657081
274.911209284 63.7750944498 38 -0.128891 1.04478
276.301674418 64.3661461991 36.0281 0.0421725 0.699929
281.864702256 63.2937753745 37.4198 0.1531 1.028
283.469329439 64.2299616316 37.4923 0.138363 1.03066
287.565775946 64.6633340681 43.8025 0.184368 1.21053
291.810650086 63.834706891 44.3841 0.125922 0.750005
293.65601 64.23484 44 1.15964 1.47616
308.26 64.18 36.3027 -1.63832 1.2153
338.500472614 64.5174694331 23.8504 1.01232 0.112663
340.456043387 63.9281724098 24.4039 1.04727 0.292939
341.919580376 64.3067217812 31.1208 0.779853 0.116788
343.452065008 64.4585320921 32.1775 0.705172 0.134132
4.76046023619 61.0586192914 30.6506 0.1371 1.05373
6.0003770569 61.3709110024 31.7271 0.536997 0.232949
7.98821378278 61.8740914014 33.9741 0.886182 0.20991
9.86837284376 61.802019714 38.9474 0.607452 0.304335
11.6568113836 61.6815163771 38.618 0.490359 0.43392
13.805296593 61.6798806268 42.4846 0.11721 0.769786
16.4703645341 61.5342743816 45.7977 -0.296237 0.631691
17.356549981 62.2509997177 46.3001 -0.22266 1.04008
22.5029262786 61.5534061396 47.5 -0.492339 1.34153
23.4803764161 61.7578472089 41.9455 -0.550033 0.637117
25.6170290401 62.731261464 47.5 -0.44515 1.34263
27.4433093881 62.8510388212 47.5 -0.491567 1.64687
30.2290535279 62.1448027006 35.102 0.38693 0.653012
32.7230106488 62.5983758949 39.7041 -0.397841 0.99048
40.4 62.8 42.6 0.300811 1.24408
44.3 62.3 38.5 0.257047 1.12112
47.9423827296 61.5782712603 39.4907 -0.120855 0.74837
50.2679226033 62.419246438 40.04 -0.350998 1.16594
51.2 61 40.3 0.0857267 1.17337
66.1 62 38 0.426391 1.10752
68.1257476048 62.7210450893 37.3015 -0.0595546 0.767796
70.6256442765 62.2256442765 39.25 -0.0332699 1.14396
72.387154016 61.8256919681 38.85 -0.227007 1.13058
73.9630613947 61.5424395138 37.0472 -0.157251 0.540974
76.1 61.8680634476 38.1 0.269057 1.1095
94.4925804893 62.4627953588 41.3707 0.0931339 0.696954
96.2350924986 61.9260512117 41.6972 0.110297 0.607355
116.8 62.9 41.1 -0.213618 1.19841
120.6 62.3 40.7 -0.339979 1.18481
123.067843609 61.7678436095 44.8 -0.148426 1.31063
195.895386156 62.3412859375 30.8 0.135256 1.05724
198.127778781 61.7866540746 31.9569 0.151886 0.896005
200.525 61.71 33.8 0.0848802 1.63962
201.771342565 61.799658114 31.4198 0.297793 0.763011
203.746253839 61.8531791347 33.0994 0.217634 1.13588
205.146 62.182 36.8 0.336034 1.78544
207.791 61.2 38 0.684051 1.84744
209.253 61.434 35.2 0.219544 1.7067
212.094661652 61.3810505715 44.9038 1.79327 0.806829
214.716243055 61.3062756075 36.6588 1.1988 0.345012
216.073575788 61.4127727462 39.2634 0.592061 1.10264
218.22406723 61.7446515502 33.4978 1.13931 1.14998
219.308565643 62.063231558 31.7162 1.05473 0.77316
221.998269881 61.579582415 33.1896 1.30616 0.808161
223.662880555 62.0881536217 31.865 0.765227 0.77437
226.65 62.23 33.5 0.934363 1.62409
244.7 62.7 32 0.194251 1.55365
245.380867791 62.4808677907 33.9 -0.717711 0.989805
265.929902816 61.0977500976 40.4282 -0.350822 1.11355
267.890321258 62.8101285031 38.8918 0.0850493 1.07082
277.515245902 62.8518619376 36.1879 -0.136412 0.994398
280.408106796 62.2892155338 37.0828 0.289573 1.02022
282.088788793 62.4182310076 37.422 0.0459981 1.02897
288.0517 61.5849 48.6 -0.525088 2.38936
290.121 62.851 44.8 -0.446222 2.18443
353.236677981 61.9995091927 29.3056 0.294368 0.806837
4.93 60.49 28.6 0.264647 1.39121
5.8989403894 60.1439700467 33.5592 0.255118 0.239008
7.63675948918 59.7404159427 37.7431 0.527552 0.315309
10.0350540249 60.1890713448 36.5856 0.0668746 0.250365
11.9121412211 60.1093218087 36.4555 0.110467 0.338756
13.4769238506 60.1970449141 43.2162 -0.0912465 0.698084
16.4195552744 59.7357434485 44.1155 -0.368652 0.552337
17.6868162968 60.1126732134 43.9803 -0.447666 0.758676
19.99 60.18 39.5808 -0.318023 1.35813
22.8827183058 59.8293303854 29.5759 -0.139437 0.904786
24.38 59.4633 43.7 -0.475476 2.1299
30.317 59.767 48 -0.565611 2.34882
38.3807767215 59.8 43 -0.380043 1.25345
39.4769078804 59.4092368478 42.0311 -0.269477 0.707653
45 59.5807717183 39.13 -0.488785 1.13893
46.2064089954 60.2743640185 37.27 -0.29808 1.08301
47.45 60.96 38.04 -0.340181 1.38032
54.6 60.2 42.2 0.463665 1.23157
61.4 59.5 44.1 -0.33048 1.2848
63.5 60.6 39.6 0.431263 1.15431
73 60.7 42.1 0.132795 1.22902
76.3596207992 60.6421289569 37.3227 0.155061 0.768577
77.7387915049 60.1713922607 39.8746 -0.125443 0.821743
80.215909305 59.2653540505 37.8582 0.14484 0.860481
96 60.7 43.7 -0.260531 1.27274
98.2837004209 60.0274737697 41.5259 0.048326 0.698249
99.0871697835 59.3871697835 42.05 -0.129711 1.22565
103.8 60.9 43.2 -0.360661 1.2597
105.4 60.9 43.7 0.147402 1.27504
108.5 60.8 40.1 -0.0316881 1.16686
110.2 60.7 39.6 0.0839001 1.15294
113.8 60.4 41.6 -0.265441 1.21155
115.9 60.3 43.4 -0.174357 1.26574
193.799 60.385 35.6 -0.142759 1.72586
198.314536998 60.07772113 32.0739 0.085065 0.90332
199.705639371 60.002596101 33.9684 0.101376 1.16694
202.218661484 60.0623794055 34.6846 0.115297 0.843029
204.736349631 59.9787961533 34.7511 -0.0905571 0.703688
205.891034739 60.2903855026 34.4028 0.316879 0.968831
208.848812581 60.1782797225 43.4938 0.395548 1.09603
210.002579715 60.2628832838 36.3374 0.205215 0.88665
211.667 60.858 37 -0.105731 1.79785
214.709082593 60.7106532349 29.5007 0.811455 0.473033
216.284239276 60.5793289315 36.2764 0.46596 0.884488
217.8058419 60.5964202969 36.5758 0.96839 0.465628
220.07103626 60.0127815233 36.0888 0.613223 0.719413
222.5 60.83 33.5 0.871236 1.62477
224.232814322 59.9478783713 38.3194 0.715056 0.850111
225.12 60.66 35 0.757207 1.69744
227.65314962 60.0873315799 31.2524 1.02809 1.075
229.876683887 60.128278508 34.2228 0.926101 1.17592
231.950934786 59.952145853 34.4222 0.599485 0.520624
233.05 59.65 32.25 0.61864 1.56408
249.225509404 60.6191320531 34.5 -0.711669 1.00667
290.0088 60.022 41.8019 -0.33855 1.45154
358.81813134 60.1539104179 29.2327 0.200646 0.806818
6.46443726489 58.2846726354 28.638 0.303168 0.616871
7.85842255306 58.5255078549 35.2939 -0.0534032 0.279625
9.75620889982 57.8093429484 29.0514 0.385128 0.433265
12.2607127354 57.9568683747 39.7798 -0.0717371 0.37265
13.7816271847 57.6662672895 42.1852 -0.141369 0.505484
16.1407390039 57.354038815 45.086 -0.428181 0.835025
17.01 57.29 48.6 -0.636878 2.39044
22.2905 57.6287 43 -0.406425 2.09886
26.7269034138 58.4202722678 44.2897 -0.433917 0.883314
28.39 57.819 49.6 -0.623568 2.42637
36.2003262859 57.6249178388 35.45 0.0728261 0.470626
40.6941020683 58.8029489658 41.1823 0.148049 0.84891
41.9706291479 57.9867005485 42.3234 -0.402673 0.552023
43.5635798051 58.1415896935 43.7524 -0.597925 0.740078
60.7 58.5 43 -0.576779 1.25303
63.3 57.4 40.8 -0.154542 1.18681
70.8 57.3 41.2 0.297567 1.19984
71.8 58.9 39.3 0.2866 1.14431
80.6 59 37.18 -0.172929 1.80568
82.0452098256 58.5857914051 36.2456 -0.586912 0.610038
83.7434431578 58.0964900168 37.5886 0.0125043 0.547589
85.3192495133 57.0743339822 42.73 -0.434831 1.24546
87.4807116369 58.5257178175 46.7 -1.35134 1.36751
100.256458451 58.2394650459 39.0838 -0.24246 0.657602
101.5 57.174345879 41.23 0.143537 1.20133
114.067981825 57.5128072698 36.7 0.14958 1.06659
118.067879024 58.4871516095 42.5 -1.03364 1.23683
157 57.1 38 -0.161684 1.84342
158.6 57.8 32 0.0911793 1.55311
159.9 58.7 31 0.261919 1.50698
204.560809069 58.4598527137 31.094 0.628474 1.06886
207.606 58.61 37.4 -0.224072 1.81727
225.387435571 58.4224884435 28.9835 0.570942 0.996294
229.97 58.44 33 0.910108 1.60098
237.1 58.8 41.2 0.196021 1.19853
241.3 57 37.5 0.498122 1.81704
256.18109387 57.5785604629 41.1712 -0.234748 0.692076
265.91326603 58.7617339695 41.5311 -0.208489 1.14508
281.881255272 58.4509476365 43.24 -0.0847664 1.19696
294.069510331 58.6940258263 37.5649 0.230176 1.25174
354.479462238 57.7483153096 28.6508 0.663907 0.399049
355.835579718 58.0123922451 27.4012 0.656685 0.223145
8.59357927497 56.0642299034 31.1523 0.0767031 0.352317
9.58479727871 56.2290086971 30.8043 0.194915 0.221635
12.0766890434 55.7937441433 33.3854 0.0761365 0.373435
14.3497282793 56.0092509941 37.1914 -0.0265447 0.370175
16.0406770771 56.477287928 39.0576 -0.166698 0.498791
22.3389826348 55.4642020618 43.1897 -0.559157 0.45182
23.7854716318 55.5674058777 46.5175 -0.481614 1.14048
25.8422 55.1669 49.9 -0.528488 2.45711
36.569 55.114 49 -0.487573 2.40204
40.893569583 55.4871391661 48.44 -1.18215 1.42187
41.3678050063 56.2742440051 48.44 -1.12957 1.41949
44.3001826461 56.6999086769 49.1 -0.501328 1.01871
53.9807615128 55.1192384872 39 -0.33215 1.13474
57 56.7 39.5 -0.0527791 1.14973
58.56 56.43 39 -0.0257748 1.89277
66 56.3 39.8 -0.249198 1.15806
68.4 55.3 40.2 -0.0482945 1.16941
69.607826254 55.8434781217 35.487 -0.0772508 0.730469
78.1871894462 55.2 36 0.146559 1.04824
85.6 56.5 37 0.0152909 1.0765
87.8566929605 55.8060693489 46.195 0.169451 0.881783
89.03 55.14 47.48 1.03899 1.73831
98.1 55.1 45 0.399236 1.31459
100.069768929 55.4036080812 42.4592 0.298978 0.714925
102.143102729 56.0371863517 41.9215 0.0729778 0.498685
103.900818991 55.5052124189 42.432 0.176556 0.714647
105.827026996 56.0289478006 39.7815 0.271255 0.668553
107.558329162 56.032859448 41.1984 -0.124609 0.600556
110 55.9 45.4 -0.225635 1.32662
112.147146749 55.9751528174 46.4152 0.626406 0.741686
113.929874318 55.8486272985 40.4495 0.657147 0.429703
115.851163004 55.9124096585 46.9854 0.455426 0.689407
118.281791039 55.6444597702 46.2107 0.841505 0.78028
122.2 55.4 40.4 0.532605 1.17782
123.3 55.3 41.7 0.240442 1.21549
160.265937365 55.7896397655 27.7589 1.23051 0.353618
197 55.1 35 -0.372012 1.01905
199.5234 55.3493 38.5 -0.262619 1.86866
205.816 56.559 30.6 0.217761 1.48464
228.731788675 55.6 27 1.13558 0.795578
229.420159071 56.1291331362 30.7601 1.3835 0.636215
240.478501881 55.4787771629 38.797 0.507414 0.565022
241.927321784 56.2088441392 39.9888 0.757566 0.492172
243.050761427 55.956852847 39.7462 0.618933 0.818556
256.123059354 56.0749862088 45.2368 -0.603955 0.660943
258.805126625 55.7131785147 45.0413 -0.656539 0.658936
272.348 55.987 40.9 -0.365255 1.994
280.77141844 56.5390071892 35.1165 -0.0523196 1.01119
282.254513185 55.276880223 47.3525 -0.122368 1.31549
293.7 55.7 36 0.298556 1.74689
296.415399582 56.49359027 40 0.345189 0.823519
298.142138022 56.4446559172 33.5082 0.346506 0.587794
300.816785361 55.0923205431 38.0665 0.21725 1.28763
352.044990172 55.0450364137 28.6853 1.38553 0.695433
353.617489306 55.5409699288 26.4258 0.554138 0.750864
356.197096798 56.1682152853 31.0084 0.623875 0.243948
357.449180626 55.4076584104 34.0164 0.223851 0.528457
-0.499264686325 53.6997745792 30.9997 0.147289 0.869105
8.27969801117 53.8230145049 31.3708 0.079192 0.763117
10.0304154502 53.9610617287 28.8932 0.269566 0.367875
11.9499261207 54.1662407573 31.7619 0.0855594 0.63226
13.3897264809 54.4567969857 32.6469 0.0472579 0.606251
16.0994777206 53.4671474607 34.1219 0.028528 0.423684
17.5055928981 53.4504351965 39.4942 -0.198226 0.581076
19.8532470192 53.6426322343 43.4793 -0.356303 0.556276
21.9368636375 53.6031210268 42.3357 -0.275899 0.784096
23.5527709704 54.3747711055 44.2311 -0.359296 0.633812
25.9673823627 53.9127755235 47.0925 -0.319987 0.898554
28.8 53 44.9 -0.357059 2.19755
37.767 54.958 48 -0.441726 2.34894
40.5686171387 53.898123268 46.3822 -0.914044 0.783781
42 53 43 -0.245669 1.25554
51.7809493579 53.7561852109 36.5204 0.333392 0.376071
53.9199991953 53.7331108611 38.3005 0.392014 0.378745
55.6554509247 53.5124625686 40.1537 0.476767 0.836941
60.33 54.78 38 -0.235558 1.38159
62.1 53.0257685838 43.3 -0.966983 1.26214
65.8 53.8 40.8 0.142924 1.18834
68.5738419247 54.4435967921 43.5887 -0.139438 0.900495
70.7 54.1 46.8 -0.604802 1.37115
83.4678905101 53.206421898 40 -0.960397 1.16422
88.026954182 53.3647963031 44.4934 0.146616 0.750195
90.0111800815 54.0541724233 47.2314 0.274452 0.798731
91.9179824483 53.893447535 47.8836 -0.239518 0.809569
93.8688784109 54.60031825 48.7317 0.516064 0.82587
95.6167393204 54.8527898867 46.1803 0.485913 0.956173
97.1 55 44 0.667741 1.28475
104.196009477 53.8552513719 38.1545 0.449282 0.555264
109.367745642 53.4 45 -0.831563 1.31106
112.487198835 53.1679970865 42 0.91909 1.22422
122.280177316 53.4829208436 34.8347 0.301482 0.975016
126.129198861 54.5220910719 40.2935 0.158177 0.680402
128.005697493 53.954327218 40.7351 -0.122278 0.687179
132.033861175 54.0863179241 39.2779 0.193106 0.660816
134.088913896 53.7014873888 38.96 0.503414 0.654812
136.136635828 53.2581462571 37.4464 0.0369335 0.629217
157.934308386 53.4689565729 25.9812 0.796491 0.505745
160 54.9 31 0.976768 1.50566
193.944661326 54.0950898085 37.3304 -0.0815849 0.90943
196.149678506 54.8632932656 27.1049 0.686066 0.439169
231.5 53.006380188 30.39 0.612546 0.88885
236.806395953 53.006395953 35.6 0.806016 1.03576
242.7 54.6807195921 44 0.181758 1.28188
243 54.7 43 -0.331761 1.25266
246.6503 53.223 38.6 0.45578 1.87713
252.476979675 54.8692858709 42.4038 -0.211457 1.06047
253.815066105 54.7955070986 42.3993 -0.328557 0.760041
256.034309544 54.3922876501 42.2837 -0.364645 0.437173
258.450031423 54.2088794151 40.0881 -0.137369 0.433021
259.976246177 54.0547944997 40.9034 -0.316827 0.920035
261.453198737 54.5765319328 45.1608 -0.877095 1.02818
270.122 53.843 39 -0.0925174 1.89306
271.35861 53.52785 40 0.178881 1.3359
274.547 54.988 39 -0.257725 1.8988
275.08738 54.47918 38 -0.00789776 1.26577
282.0263 53.0535 39.5285 0.125594 1.08749
288 53 47.7 -0.0684194 2.34469
292.319221071 54.4935929763 38.1 0.853509 1.10982
293.1668 54.8324 44 0.0557933 2.14976
350.30408551 53.7281628316 29.1546 0.279305 0.579563
351.936523805 53.6372972659 30.8834 0.194528 0.335841
353.667229261 53.5770719329 31.3045 0.563869 0.418041
355.929502302 54.3285620026 27.9304 0.716806 0.387572
357.917276575 53.969061013 32.3165 0.404557 0.309353
-0.427484052273 52.5000630785 34.2747 1.16638 0.827293
1.24955404925 51.5924810249 34.8191 0.482217 0.742043
6.5317508721 51.923950836 30.5038 0.249973 0.464887
8.00482573937 51.9507130495 30.136 0.211064 0.271888
9.95185291941 51.7473640415 28.0165 0.529377 0.198737
12.1910569676 51.7223044536 30.0769 0.316315 0.393551
14.034866316 51.9431719076 29.4056 0.334319 0.299604
15.8842022628 51.9693896949 31.1008 0.242892 0.360333
17.9272080831 52.0951857899 33.798 -0.108901 0.351148
19.7947054029 51.9934289931 37.1686 -0.163153 0.445598
21.8524608202 52.4355703282 40.5996 -0.241653 0.747537
23.861 52.5686 44 -0.310332 2.14499
28.3554675828 52.1928197249 45.3489 0.168185 0.530801
30.95 51.35 40 -0.565267 1.45515
31.5067670882 51.8581519512 39.543 -0.120371 0.602952
33.6257274217 51.1742725783 48.1 -0.15431 1.41017
38.6 51.212847268 44.39 -0.0929698 1.29718
39.5742975219 52.7 47.66 -1.11808 1.39554
51.7814072889 52.1550766115 38.4011 0.255278 0.423493
54.1911610179 52.4453747118 35.0827 0.277625 0.433617
63.4865884414 52.7830486392 41.5158 -1.02224 0.856098
67.9 51.8 44.2 -0.19284 1.2889
73.1 52.8 46 -0.366899 1.34246
75.1 51.5 48.7 -0.403721 1.43004
81.1 51.1 49.7 -0.527131 1.45949
84.7091067633 52.3515177939 49.0272 -0.805925 1.01704
86.2473469566 52.7989387827 46.1979 -0.585888 0.954747
104.214973913 52.5 36.7189 -0.198042 0.755409
105.856859955 52.2203305732 38.4614 0.50339 0.559767
107.982161613 51.7694913719 37.1536 0.836391 0.519309
109.773338764 51.641407583 43.2554 0.651479 0.662142
111.467640919 52.1129043892 41.9686 1.16959 0.868002
113.431024962 51.7712695377 37.5118 -0.349232 0.772483
120.769099513 51.418375927 37.8203 0.543067 1.06234
124.567421211 52.2674687124 37.3755 0.302285 1.0474
128.483194048 51.8616675214 36.3279 -0.273639 0.748266
138.005001899 52.8493747626 34.2469 -0.0701901 0.705101
139.918509499 52.3114837672 35.1272 0.131031 0.591136
157.2 52.7 35 0.269776 1.69894
183.3158 51.8823 36.8 -0.070002 1.78528
185.8045 52.2027 43 -0.321941 2.0944
235.6 51.5 33.3 1.06644 0.970927
237.431700475 52.4190202852 28.1498 0.705703 0.586583
241.074401005 51.0936002513 35.2 0.505046 1.02411
246.393566435 51.3 43.4 0.492306 1.26886
258.87431102 52.6765308742 40.9921 -0.279002 0.843992
260 51.3807682714 39.2071 -0.379354 0.659441
269.690907934 52.0054708649 39.4731 0.103085 0.575486
276.255106229 52.8172750856 42.1143 0.0225679 1.16502
282.9012 52.2915 34.9 0.0731084 1.69185
283.559153382 52.1776175563 38.85 -0.0319488 1.33932
288.231971935 52.219831113 40.6605 0.465323 0.673893
292.119294678 52.7 48.1 -0.0274678 1.4077
293.576026185 52.0617790394 42.9263 0.676091 0.863248
350.469561324 52.2725770058 32.1386 0.111732 0.394775
351.764707331 52.2186267843 31.1922 0.223202 0.359544
353.252337892 52.6063555339 31.0839 0.225907 0.616708
356.60121122 52.3760885074 36.8484 0.0234365 0.47188
357.974530567 52.0264994644 34.3988 0.158862 0.361753
0.3366667 50.86667 35 0.0137119 1.16535
4.55414018483 50.2354876729 32.2205 0.676615 0.548332
6.26693564474 49.9655641854 30.1889 0.667175 0.193613
7.98233961437 49.9226774372 26.59 0.724757 0.13262
9.78240576692 50.0742155973 27.2852 0.628074 0.156279
12.0041356905 50.097053074 29.7286 0.657458 0.129031
13.9206680981 50.1282265115 31.5177 0.544724 0.215573
15.9643612779 49.9352653858 32.7607 0.443428 0.21974
17.8827578649 50.083301229 30.9614 0.47281 0.41799
19.9920793662 50.2400341445 35.6705 0.193217 0.620426
21.9597051356 50.0584995846 34.2446 0.180596 0.63198
23.4910041201 49.9161605357 28.166 0.68096 0.441023
25.7598274424 50.1124695044 45.5802 -0.151279 0.943118
28.4067594878 50.2427764282 45.8997 -0.186825 0.600567
29.3330065332 50.4212306377 36.3168 -0.00485457 1.01915
32.1118025353 50.1449838578 43.7725 0.274769 0.456797
33.2256424782 50.8 45 -0.0441164 1.31582
35.8630075209 49.6238890776 40.3409 -0.329653 0.590021
37.7917353792 49.825165974 41.9313 0.162966 0.550107
52.2866587301 49.6026011383 33.5715 -0.624185 0.49009
53.1679459202 50.6 38.5 -0.169812 1.11925
59.94 49.26 43 -0.215671 2.09985
72.5678794269 50.0678794269 42.5 0.210107 0.876
76.4 49.2 49.2 0.137089 1.44434
80.4 50.8 49.9 -0.347422 1.4675
117.469523896 49.5253967531 35.3206 0.582148 1.21249
119.909565483 49.5001502964 37.2308 0.550077 0.510609
121.5 50.7579910917 36.9324 0.644561 1.26853
124.035184114 50.2869631574 33.9353 0.388049 0.950779
127.889146513 49.8982736778 30.886 0.3482 0.674432
129.789098082 49.6019230488 33.5461 0.0957741 0.625857
131.267973997 49.4807843982 39.22 -0.191416 1.14076
140 50 30 1.29278 0.880279
143 50.5 36.7 0.526656 1.06811
236.450705305 49.9072286209 31.3955 1.28334 0.918648
238.234288506 49.7809528963 29.9966 0.663365 0.358657
239.975980129 49.7373088166 32.2138 0.660076 0.339099
241.839167408 50.2093476103 34.7603 0.91486 0.508006
243.679818535 49.2611551264 36.7023 0.730127 0.462266
247.909461427 50.3644390907 46.3998 0.306276 0.58683
249.332134667 50.5 46.5 0.119645 1.35991
251.519263521 50.1930934592 45.6813 0.277035 0.870901
254.793577408 49.5871548167 44.9 0.345324 1.31005
256.141446197 50.0083029855 44.6853 0.418893 0.534407
258.238847646 49.9406707754 44.7704 -0.00643719 0.49487
259.67706266 49.8489864606 42.9004 -0.194822 0.511257
264.125 50.2503 33.3518 0.227551 1.14367
265.990520791 49.2567147116 37.7978 0.754233 0.779404
269.567601339 49.8138120476 42.9324 0.0107411 0.792909
276.5896344 49.6908462481 44.1716 0.386908 0.785649
278.083282352 49.1780262683 43.6335 0.865845 0.54551
280.085049409 49.2512537518 39.4693 0.0739935 0.525252
282.05678534 49.5593723283 35.9954 0.114217 1.01201
283.621340676 49.7114377456 33.6504 0.258098 0.942687
285.854759061 49.808276655 36.3146 0.213774 1.02234
287.525395566 50.5337132404 37.7041 0.131297 0.941099
290.625646324 50 41.8 0.66832 1.21966
292.728900145 49.5213070777 38.9408 -0.238774 1.09232
297.1898 50.2872 38.6 -0.286196 1.87537
302.43116196 49.3755004624 33.8313 0.348945 0.641406
304.103569357 49.29005308 35.7676 -0.183131 0.640494
305.704032505 49.1406065475 37.3425 0.487823 0.774571
354.667996961 50.1927792361 27.3509 0.78211 0.51042
355.66458872 50.5776807914 28.1515 0.437125 0.353055
357.656994065 50.0697755276 30.8234 0.558447 0.562603
2.26 48.03 34 0.054185 1.64961
4.52998044732 47.7813139696 30.8947 0.367907 0.322374
6.07085195741 47.7982944652 29.0596 0.634853 0.248278
7.88626199664 48.3271634003 25.2222 1.03444 0.142964
9.7202342461 48.5325055069 26.4508 1.00149 0.197435
11.6900040126 48.5728449586 28.539 0.764103 0.251313
14.1216145272 48.5243492185 37.8476 0.356887 0.421613
15.5321032829 48.772011851 32.4768 0.527057 0.458899
26.926 47.0972 34.9 0.102995 1.69447
27.8199236148 47.7023515614 38.1893 0.767052 0.854724
30.0716863439 48.2516231653 44.0042 -0.531034 0.90889
31.9968217705 48.2025305908 44.6576 0.69485 0.585632
33.8178686562 48.362977099 45.3497 0.395098 0.939382
36.3354900616 47.7592581532 42.486 0.0928489 0.346916
37.8979933076 48.2130965305 42.5934 -0.289637 0.557582
39.5191559002 48.6063853001 46.4 0.992064 1.3653
45.9872606617 47.1808909925 43.2 0.631397 1.26668
47.3 48.4256630474 40 -1.51853 1.16603
50.3468428004 47.8354550185 37.6757 -0.357629 0.578452
51.8868578278 48.2969901963 36.1149 -0.907765 0.528104
54.4990846956 47.7773921811 36.9309 -0.0627868 0.620394
55.6983739164 48.1575053306 37.8969 -1.12895 0.784112
57.1 48.4 41.4 0.23627 1.20844
74.4 48.1 46.6 0.169674 1.36209
86.5 48 45.9 -0.0425129 2.2441
104.245969407 47.8050483573 43.9186 0.757115 0.87376
105.806433319 48.0251261546 44.5694 0.717459 0.687765
107.900591639 47.5284969454 44.5477 0.986508 0.886992
109.265148406 47.4646069851 43.6953 0.903147 1.23115
116.77011292 48.5852290779 32.4491 0.600822 0.79099
118.1 48.2 34.7 0.476127 1.68252
120.030834482 47.4919815606 37.0397 0.835309 0.568191
122.25218917 47.9399382132 35.7039 0.519152 0.402324
123.927350108 48.0008405147 33.7877 0.252396 0.44215
125.95238297 47.896754325 32.1153 0.306333 0.599846
128.305781648 47.5322685808 30.2185 0.494632 0.519502
130.397972567 47.5227568072 36.4453 0.0208198 0.72376
132.029920093 47.5217770885 34.1453 -0.0162802 0.829505
134.161538024 48.1625494064 32.238 0.0767535 0.639857
237.928835491 48.0250214094 31.2921 0.631588 0.263082
239.973364999 47.92655751 31.2415 0.987602 0.350891
241.856790826 47.8565516735 31.4716 0.701226 0.271644
244.109807482 47.9691322246 33.0614 1.09032 0.379936
245.541142686 47.0941431644 34.4943 1.16444 1.18309
248.065978266 48.2122948395 35.9488 1.1316 0.460279
249.781100653 48.0498310061 39.9109 0.814889 0.427798
252.017328605 48.10338428 43.4592 0.317703 0.478792
253.9542883 48.0373329085 42.6349 0.367346 0.520108
256.009008765 48.2654923382 44.9899 0.17777 0.518635
258.032152631 48.0856289205 42.3844 0.185662 0.624612
260.106992659 47.9725627311 41.9733 0.123828 0.727642
262.046867167 47.7721789829 36.2724 0.230188 0.593683
264.119661021 47.9870821402 39.0605 0.0641866 0.635271
265.961301017 47.550530283 40.504 0.0880707 0.665991
268.106135575 47.9575203152 40.4892 0.0793464 0.696498
269.833734082 48.1144786253 41.4271 -0.038118 1.01622
272.0761335 47.824780017 37.9045 0.397861 0.719182
276.302303235 48.0720225877 45.9399 1.00354 0.882805
278.080741089 47.9656062223 41.4913 0.790597 0.471552
280.551179545 48.0680058475 35.9547 0.203316 0.440728
281.553460981 47.7781623279 37.9584 0.084675 0.549393
283.613167618 47.4060144507 36.7592 0.205552 0.6106
285.691244617 47.0323621422 38.8555 0.138215 1.33504
287.561586752 47.5776267283 37.9495 0.00763391 0.697266
290.00434846 47.5073086142 39.0284 -0.155781 0.498082
291.893402 47.036999 35.5 0.0729821 1.72369
293.9401 47.2767 33.2 0.270167 1.61125
295.032122971 47.5 46.3 -0.272571 1.35785
302.550634017 48.4935701855 36.1439 0.153193 0.47051
304.210897707 48.3617495006 33.3454 0.148309 0.410183
357 47.8 31.5 -0.112755 0.920566
2.097736247 45.4935600216 28.8044 0.68428 0.285538
3.69329276008 45.777713857 27.842 0.882934 0.164172
5.30733236288 46.5 25.7062 0.77598 0.889329
12.008094418 45.1608450011 31.1176 0.104463 0.678356
28.1234364923 46.168940155 36.9216 0.231685 0.492787
30.899 46.676 39.8 -0.296086 1.93001
34.3789953284 45.7206056699 40.2758 0.249729 0.341174
35.5109024359 46.8111376186 41.6696 0.104307 0.706046
40.4 45.6 40.6 -0.519049 1.18297
43.1 46.1 44.4 -0.743904 1.29338
45.9551775757 45.8078421939 45.2347 0.457539 0.765842
47.5 46.7678885786 42.8 -1.00054 1.24804
54.8142392801 46.2864663975 38.8492 0.175262 0.551423
55.1873722865 46.4027233534 44.8471 -0.417551 1.00084
70.3 45.7 40.8 -0.42132 1.1854
72.5 47 43.3 -0.0232378 1.25883
78.1780587056 45.5900482546 43.2604 -1.42614 0.895379
90.73 46.49 45.48 0.911883 2.22578
104.800027882 46.3009425933 45.2987 1.00533 1.27691
105.870321894 46.1461459841 43.732 0.90422 0.711317
107.712725479 45.9163005293 42.7011 0.82276 0.693473
109.747744035 46.2404827358 42.3284 0.749306 0.84173
116.587217208 45.5671479849 37.5742 0.667099 0.577168
118.210594497 45.6667517639 37.6202 0.674478 0.52729
120.092406392 45.9728904368 36.4584 0.687399 0.369246
122.04424789 46.1171308695 34.8322 0.23937 0.369181
123.889554893 46.0569989473 34.5626 0.0518112 0.420686
126.228986803 46.0877914386 31.5622 0.365043 0.400657
127.829389052 45.866860155 31.3066 0.368428 0.252229
129.921140173 45.9137783347 36.5825 0.198434 0.372478
131.652157926 46.2334734964 33.0056 0.185645 0.380509
133.503824093 46.6616144596 32.9508 0.124794 0.923674
136.899196816 46.3481818744 31.9555 1.3592 0.662168
142.251608755 46.8212664107 29.1469 0.438463 0.60654
238.11786852 45.9188713668 38.2122 0.544498 0.34368
240.021800585 46.1620528547 36.1251 0.477119 0.264275
241.880626417 45.7771485556 30.0422 1.12923 0.258396
244.116912349 45.6736646668 34.9401 1.38754 0.381304
246.11989239 45.8030158425 33.541 1.84709 0.437183
247.829146219 45.7919549211 34.5686 1.54077 0.334101
250.113432096 45.8098485653 42.1597 1.26075 0.385451
251.749484486 45.9363623873 41.0348 0.763603 0.360722
254.098665629 45.8143774278 40.663 0.605221 0.496093
256.069551732 46.0145827866 42.3993 0.53063 0.690327
257.636599425 45.8553598593 41.5009 0.389525 0.715491
260.09593734 45.7903329752 36.4337 0.419991 0.594884
262.143279507 45.9995758435 33.4131 0.377635 0.613191
264.230071511 45.7129506432 40.0364 0.218781 0.662901
266.220736446 46.1078811294 40.9118 0.0375607 0.67213
268.23732422 45.9359625234 41.9349 -0.192234 0.600872
270.190663695 46.0026343537 43.222 0.0645377 0.644964
271.797527184 45.7491555151 39.4318 0.0290986 0.64752
274.030866619 45.9426380261 39.3608 -0.0852209 0.784211
275.812246028 46.0033439985 38.2474 -0.00668778 0.75872
278.448350628 46.4386563873 37.1484 0.218123 0.36348
279.814496271 46.0311369219 40.7691 0.0562983 0.383863
282.119913623 45.8467737093 39.1513 0.273829 0.290212
283.993929718 46.119752866 37.4072 0.191363 0.3935
285.789338439 45.6859765304 35.7171 0.0061243 0.483246
287.919295717 45.8072731292 36.599 0.0134102 0.728581
289.760547472 45.9510965473 38.1405 0.348206 0.446937
291.803482347 46.261259621 33.6012 0.133046 0.472608
299.076710474 46.4344777211 40.1771 0.338408 1.0057
-0.0194672475971 43.4238715169 28.7925 0.533691 0.814953
2.3156590715 43.8273163229 29.1905 0.822797 0.580934
3.2246214438 44.3740353149 28.8588 1.10347 0.406113
12.3431027658 44.2845345443 28.556 0.515318 0.492205
13.170378396 43.4037964074 35.6534 0.201519 1.22479
16.3136313987 43.1146577111 49.2403 -0.631644 1.70815
24.2463541748 44.340634289 30.1849 0.335845 0.521955
25.5029762338 44.2127692329 34.1852 0.0117613 0.829708
28.5120768967 44.2612494473 31.3542 -0.0223129 0.640533
37.9 44.9 39 -1.39838 1.13757
44.4872255732 44.2872255732 35.7 -0.792044 1.041
45.9133778002 44.0741439104 42.05 -0.0108207 0.549753
54.4777546371 43.8507476719 38.9435 0.119962 0.555064
55 44.1213212217 35.0609 0.258747 0.780877
60.56 43.01 36.7976 0.816835 0.775582
66.6 43.2 40.7 -0.21557 1.18386
68.5 44.5 44.7 -0.706902 1.30418
74 44.5 48.5 -0.0775372 2.37504
75.950359866 44.5504756692 45.471 -1.69687 1.03805
86.2 44.8 49.3 -0.305301 2.41988
106.453019329 44.5541407131 44.5364 0.744843 1.2548
108.607023378 43.9732606669 41.0715 0.751971 0.999586
110.233750581 43.9814316702 40.0575 0.656914 0.870283
112.033073793 43.763542849 40.1211 0.642413 0.737014
114.123512787 43.855300074 37.8828 0.823926 0.650944
116.201762039 43.8956234564 38.5392 0.851005 0.342169
118.075090844 43.8771687806 37.0385 0.7896 0.308868
120.014580777 43.9740126822 34.5947 0.381968 0.27624
122.002866284 43.9685302955 31.0574 0.323219 0.349226
124.252726916 43.7899012675 31.6288 0.261493 0.364013
126.08041555 43.994672042 30.1892 0.405615 0.328492
128.077076937 43.9250920821 33.4645 0.48922 0.332379
130.014939417 44.0373357889 34.3801 0.440409 0.432332
131.063944839 44.322862275 38.2264 0.0982792 1.07133
135 44.268299459 26 1.13247 0.768588
238.414755828 43.9822484191 34.698 1.16663 0.252053
240.073678773 43.7510606387 30.8699 1.51067 0.185501
241.849608653 43.9982836981 30.9898 1.45077 0.187559
243.90984555 44.1826477747 31.9901 1.5408 0.224413
245.916109078 44.1575962952 36.8793 1.76422 0.27564
248.026441384 43.8351439946 40.6319 1.47187 0.43629
249.703083825 43.9668486294 41.8634 1.93594 0.330382
252.222594806 44.2190850078 40.6037 1.49023 0.448852
254.014124045 44.2984699369 39.302 1.14769 0.405468
255.797104944 44.194603767 42.6542 1.0564 0.524224
257.913702886 44.0682465095 37.7288 0.660033 0.541962
260.011069737 43.8875922681 43.5267 0.124103 0.952011
261.719927271 44.0998750365 41.5227 0.0886655 0.718738
263.882713133 43.9952117519 43.9127 -0.0733065 0.626773
265.842512676 43.956588324 41.5709 -0.0545858 0.767431
267.943261044 43.9613939933 40.2509 -0.00743367 0.744799
270.417853534 43.9456159614 39.5222 -0.280743 0.542514
271.869817443 44.1705341401 36.3944 -0.216178 0.632944
274.153232501 44.027924802 35.6365 0.123144 0.709205
275.870889799 44.0099655828 37.7343 -0.144039 0.56268
278.493428749 44.0950609318 41.5554 -0.121494 0.67802
280.323640948 43.811229833 39.9438 -0.082018 0.37419
282.165520021 44.1928309667 41.0886 0.0640215 0.384224
284.406658557 44.0972284531 39.0494 0.151883 0.384681
285.908509164 44.0224442637 39.0146 0.13277 0.31873
287.967761701 43.9699800309 35.1484 0.486535 0.371961
290.090065501 44.3982093349 33.8268 0.148796 0.447282
292.088359682 44.7753922846 32.4203 0.0720477 0.59565
296.408 44.6377 34.9 -0.0769222 1.69154
300.15 43.94 35 -1.85313 1.27886
352.198456974 43.2647449497 27.5555 0.79003 0.776285
354.222530226 43.2646697857 34.5756 0.474071 0.968681
355.858886875 43.2893073926 39.769 0.0152197 1.12742
358.538526692 43.7587416463 32 0.0830827 1.09779
0.408961128455 41.0758094957 29.1731 0.680771 0.592503
1.53404473499 41.3297100542 26.1007 0.92818 0.654417
6.232070233 43 25.729 0.29081 1.25818
8.76817510297 42.2745400824 30 0.644881 0.878328
9.27025767119 42.2775660516 31.1371 0.23498 0.494359
14.1735911619 42.3106168949 30.3013 0.65311 0.478708
15.9028710742 41.6674093567 30.8792 0.493051 0.503461
23.5823448907 41.9393964263 36.4975 0.661383 0.88687
26.3715331151 41.6330320875 32.5759 0.226117 0.914929
28.3284559307 41.1955217393 26.8424 0.555087 0.403798
29.3985155667 41.1232623812 33.369 0.0484117 0.577835
31.7443517425 41.2368072332 29.1574 0.619699 0.656834
33.9264713008 41.4345547828 37.123 0.801184 0.57536
35.5242751228 41.3032184636 37.4596 0.464928 0.654274
52.73 41.39 35.9 -0.95237 1.30699
54.7526097619 41.7773934209 40.4876 0.112479 0.52002
55.7521155418 41.3392543173 36.4149 0.198417 0.419034
57.4128144739 42.1064072369 36.5 -0.0708906 1.06241
60.0964097141 42.0236309645 39.3657 0.193895 0.345956
106.718098616 41.803640855 41.8719 0.872444 0.61462
108.004219806 41.7794462646 43.7705 0.83332 0.312109
110.007210608 41.7021742008 43.4311 0.935279 0.453722
111.931676846 41.3847679476 42.5057 1.201 0.48811
114.174395476 41.4959845073 41.5192 1.03046 0.33279
115.889304854 41.7174119128 39.3591 1.0558 0.282303
118.126908851 42.0460539351 36.1736 0.761873 0.30573
120.123475847 42.0349029173 33.3245 0.409222 0.281846
122.023733022 42.1879704678 31.8253 0.228977 0.316015
123.961398943 42.0577641476 32.3056 0.234551 0.234257
126.004454417 42.1658529477 32.1616 0.527223 0.295111
127.748137128 42.3247286055 32.9245 0.808336 0.377089
130.025721682 42.8313029173 32.2327 0.264118 0.591754
238.132449312 41.9791451384 33.8237 1.37727 0.416489
240.207728772 42.2436684275 31.4213 1.722 0.259341
241.844083178 42.2970232621 32.2906 1.49483 0.235954
243.910478688 42.1682669404 36.9949 1.38887 0.27205
246.029246327 41.9393371085 33.0676 1.53 0.356046
248.033957753 41.9977377975 33.4905 1.80092 0.340127
250.023974113 42.156170351 40.1028 1.81884 0.462635
251.877075482 41.83192366 41.9065 1.7414 0.383513
254.07879742 41.5955145788 41.01 1.68578 0.373055
256.176214852 42.0857389037 42.3197 1.01277 0.537194
257.968587619 42.0036365202 42.3354 0.718926 0.735161
259.970207286 41.9376317269 44.5661 0.309825 1.25699
262.214559434 42.1467496516 40.2658 0.189479 0.696256
264.217206107 42.1995762042 41.9929 -0.00981733 0.683607
265.975856491 41.8623331823 44.5711 -0.169561 0.583464
268.029718775 42.170143068 38.5566 -0.00526578 0.469091
269.808236497 42.1470558863 39.7105 -0.0531369 0.503388
271.782242143 41.9691344308 38.0234 -0.0404013 0.584183
274.256368165 42.0327276766 37.2246 0.0542866 0.610011
275.806442256 42.0898790326 39.6109 -0.0564968 0.516155
277.758504184 42.0593146953 43.5076 -0.249952 0.804448
279.951351432 42.1580012955 40.4397 -0.0118817 0.66392
281.681432505 42.2002877401 42.3522 0.0249897 0.623541
283.999589548 41.8446160219 36.7183 -0.0124741 0.525746
286.247792284 41.7994107405 34.78 0.181117 0.406778
287.989251439 42.0814347195 29.407 0.323707 0.338878
289.49593286 41.8522873459 28.9641 0.245218 0.814084
351.945086646 41.747466776 30.152 0.572753 0.243257
353.909391494 42.1478416322 33.2232 0.747951 0.258996
355.788494774 42.1079005073 35.8938 0.684806 0.357304
358.016090278 41.6299378224 36.2992 0.61619 0.588772
-0.175572478412 40.2233178304 27.6778 0.907511 0.452839
2.60628551246 39.5937144875 23.5 0.537794 0.704323
3.48752305041 39.8285218191 23.2862 0.523459 0.596984
8.67449672444 39.8127516378 31.16 -0.0812945 0.910635
9.33081250755 39.7492090116 29.4841 0.644424 0.548984
16.4582374573 40.7016635318 28.4523 0.629115 0.422289
18.2684736273 40.1360700535 31.7658 0.0906519 0.890631
22.826784617 40.2065653898 30.2137 0.546281 1.03828
23.4853072404 39.5233762777 27.0465 0.529782 0.763826
26.2789131598 40.174587493 29.8702 0.302965 0.282168
28.0383263178 40.1465122749 31.6003 0.371922 0.271562
29.6846136069 40.2140511702 32.4572 0.567889 0.306336
32.2463541331 40.1718156061 33.4366 1.14262 0.414863
33.8888438277 40.1478252243 34.584 1.02066 0.381143
35.5984599011 40.6153204216 38.2624 0.782137 0.70292
54.3997285784 39.5052821323 37.9326 -0.912238 0.437315
56.0079493938 39.879497422 40.8722 -0.24938 0.467977
58.8573785272 39.4898293838 37.1058 0.542487 0.546978
59.4280719063 40.3413960583 38.5395 0.263184 0.373184
62.0786447957 39.6918893168 43.2436 0.461216 0.734
63.8507175129 39.7982499422 40.2438 0.0832192 0.525162
65.0871538718 39.1128461282 45.8 -0.00926962 1.33937
106.875 40.6020308531 43.8708 0.571483 1.5135
108.056579261 39.8619443037 42.6397 0.867012 0.291509
110.075079431 39.9794050397 42.9135 0.839062 0.397639
112.105355824 40.0298274072 43.4548 0.885156 0.22931
114.061450604 39.9944257621 40.1527 0.750618 0.185417
115.905162909 40.038557567 36.5385 0.287648 0.165106
117.925222609 40.0198653537 32.9373 0.157396 0.189698
119.604516458 40.2312455692 32.6466 0.169891 0.477874
121.995365586 39.9134823867 32.6176 0.0621431 0.646726
123.870521763 40.249306771 33.0926 0.13751 0.464008
238.332969916 40.0910238227 33.5822 0.77326 0.4146
240.09870065 39.7514644456 35.65 1.24378 0.366865
242.000895233 40.0831161996 28.841 1.74488 0.184376
244.061041735 40.2499344715 30.7352 1.83071 0.246168
246.159124516 39.9487852381 28.8428 1.90149 0.29764
247.88136539 40.3705352 28.6033 1.96749 0.248526
249.849059168 40.2209726663 42.5582 1.5966 0.468141
251.653481994 39.7454699706 44.5995 1.51427 0.501013
253.88827011 39.9912630794 43.1129 2.20545 0.437211
256.143174952 39.9456510441 44.0428 0.77898 0.442863
257.786820841 39.8244611358 42.5199 0.764129 0.625545
259.791104951 39.8546468228 41.9204 0.0279201 0.595457
261.755512844 40.0081185908 38.9496 -0.13444 0.606356
263.872800063 40.031753303 41.4313 -0.0288761 0.714291
266.060295034 40.0454933419 41.949 -0.266607 0.487402
267.901156304 39.8916982363 41.6302 -0.177371 0.417857
269.957987329 40.2915907413 41.8928 -0.208508 0.496833
272.172669933 40.1083987035 43.9597 -0.275043 0.537801
274.228525921 40.2659522396 38.4486 -0.00116197 0.486135
275.730912275 39.8861806506 40.8188 -0.0889945 0.57575
277.869612203 40.2318417016 42.0423 -0.109487 0.682915
280.031093592 39.9956644845 41.4848 0.0328842 0.676072
281.751283611 40.1062994121 37.9623 0.158247 0.592882
283.700576178 40.1840989369 33.9165 -0.0434068 0.347251
285.69629926 40.5801990146 36.359 -0.126634 0.670488
350.7134 39.35 29 0.282737 1.40938
351.931380064 40.0626826861 29.8627 0.543722 0.242853
353.718877696 40.2038948167 31.9863 0.708833 0.405125
355.930201955 39.816049814 32.3179 0.748736 0.381448
358.022849047 40.1534935543 32.281 1.04819 0.405958
-0.859 38.7793 31 0.736345 1.50453
1.36872374882 38.9874894995 20.1 1.09463 0.61362
14.7267861405 37.5166052095 40.0447 -0.120072 0.902073
15.3119047643 37.4204823503 28.2162 0.348548 0.52987
20.59 38.18 28 0.729214 1.36426
21.93 37.18 32.8449 0.252696 0.92837
23.8854916578 38.4207235992 27.8499 0.45899 0.526034
26.0749123284 37.674957494 26.4469 0.660585 0.30837
27.8647108297 37.9238118713 27.1528 0.808352 0.246268
30.0047588688 37.8402503081 31.5581 1.21445 0.371406
31.8964977915 38.010870066 33.4379 1.2654 0.628513
34.4042609573 37.9736007916 37.147 0.967287 0.908313
35.6501567428 37.6956502352 31.8981 0.72661 0.562349
54.4367572016 38.1982027533 31.099 0.480179 0.525404
56 38.6 46.3 -0.102837 2.26647
58.3779597667 38.8176561055 41.7504 -0.0708868 0.460604
60.1363644013 38.1939139706 41.9793 -0.154005 0.548197
61.9659769816 37.9628021895 44.5911 -0.0830821 0.496432
64.1626385753 38.3900041852 46.2256 0.0817392 0.552915
108.058132619 37.9668093465 41.0378 1.02451 0.250205
110.266217331 37.9415683828 41.0831 0.687086 0.342761
112.070961854 38.0356763164 40.7085 0.902834 0.230713
114.203474096 37.9945296066 34.9295 0.370356 0.193011
115.870737466 37.9655519453 33.3695 0.0449037 0.205147
117.449489149 37.7531321201 29.9453 0.189317 0.40829
120.768741749 37.505381649 33.303 0.0861638 0.571473
121.888792968 37.6184484547 32.31 0.063104 0.497429
124.716 37.9743 28.9 0.237312 1.4073
126.799432162 37.4666508133 28.6889 0.320774 0.987361
127.962579946 37.7173504771 31.9017 0.445751 0.595955
236.9989 37.69782 20.5 0.884248 1.02093
238.129646772 37.7091178457 25.0616 0.784829 0.210068
239.910421032 37.9073081856 33.0018 1.20975 0.283516
242.017452478 37.8555452886 34.7702 1.56998 0.257797
244.128459664 37.6781896397 30.5808 1.53712 0.285173
246.184145585 37.8074015819 35.8545 1.29987 0.294594
247.79641493 38.245240373 39.2599 1.74177 0.469455
249.924023606 38.0297305181 40.7913 1.28453 0.436561
251.772642394 38.3414916064 44.9491 1.82219 0.480649
254.163657931 37.8101958301 44.5422 2.1646 0.404987
255.994526274 37.8382529974 43.7379 1.24762 0.467029
257.786152522 37.6448894631 43.4675 0.577482 0.533634
259.950097893 38.1402903493 43.0748 0.291635 0.664867
261.916477416 38.0360152903 39.9458 0.148238 0.588568
264.054107893 38.224084659 40.2142 -0.013991 0.693374
266.09818901 37.8591139918 41.8995 -0.109142 0.546377
268.309328856 37.8155811035 43.0144 -0.144927 0.377383
270.037348131 37.8986979118 43.2843 -0.317702 0.297688
272.043778066 38.0485512811 42.2683 -0.186004 0.257157
273.978188618 37.7008840729 43.2155 -0.235736 0.338935
275.847883968 37.6514694599 43.9447 -0.17001 0.522025
277.949600478 38.0026381462 42.9201 -0.0173695 0.740473
279.591487221 38.0243586771 44.7139 0.0668498 0.731438
282.391747266 38.3082070154 32.052 0.146981 0.407158
283.529982823 38.2327041998 27.5045 0.399568 0.297349
350.767528941 38.8492019659 28.3766 0.428841 0.693238
352.027669408 37.9504586305 29.4949 0.36416 0.185539
353.781820471 37.9409186059 29.313 0.500783 0.323717
355.803139719 38.1866326867 30.2808 0.782634 0.341288
357.873955627 38.4918038094 30.8847 1.00761 0.612669
3.032 36.797 19.584 0.734189 0.556982
8.1218621151 35.1818103023 38.71 0.14714 0.672418
14.5876266763 36.1375161089 29.056 0.399988 0.828611
15.122 36.96 41.5 -0.187791 2.01417
22.94 36.71 27 0.586003 1.3173
24.3286297015 35.4509514244 33.8319 0.56963 0.480521
25.5875338815 35.5662332608 27.8287 0.771997 0.405964
27.8203878838 36.4642682943 28.5873 0.389823 0.427499
29.8032856055 36.5969728129 26.1446 1.08637 0.501452
32.5406859433 36.3403413371 32.2581 0.824394 0.719564
34.1820759039 36.3693143009 29.8961 0.620183 0.574338
35.38 36.57 30 0.163369 1.45727
41.52 35.87 35.7 0.127837 1.7337
108.091915541 36.1035413522 43.1778 0.860152 0.24084
109.870667581 35.8179944769 38.1981 0.768333 0.306368
112.030876743 35.9597866851 37.9528 0.65051 0.227803
113.95173125 35.9490367363 33.6177 0.39179 0.215741
115.847362321 35.7983161664 33.0109 0.0189741 0.280845
118.048273149 35.9542705608 33.5101 0.156497 0.317533
119.586506962 36.0311303768 34.5136 0.149943 0.469045
121.460994401 36.8703551431 32.0092 0.102036 1.09852
126.67948554 36.2161218374 30.6576 0.242081 0.860047
128.044269888 36.1036847842 31.3453 0.224356 0.621443
129.265389854 35.7735358827 28.1435 0.452174 0.687887
133.350027377 35.3153269576 25.095 0.928273 0.876973
238.525264172 36.5771632689 23.9387 1.04118 0.347358
239.715730044 35.9405118663 28.7658 0.780589 0.267168
242.005899678 36.0770868874 33.1198 1.26891 0.255705
243.933909067 36.0174347681 29.2892 1.04331 0.223706
245.808988301 35.7410872022 31.5925 1.08984 0.257954
247.808353872 35.6632366156 39.9624 1.47931 0.464963
250.178135999 35.9720727799 40.7264 1.4201 0.330718
251.886647462 35.8695745339 43.1974 1.53022 0.400525
254.213700943 35.7881799438 41.0242 1.78521 0.318475
256.033318391 35.6562110244 41.6607 1.14156 0.54342
257.764535473 35.8876104598 44.7778 0.655152 0.631679
260.191874222 35.8255446384 43.1019 0.22969 0.664828
262.078137288 35.8464403513 41.2642 -0.0030666 0.761601
264.04380072 35.863144347 40.1759 0.01261 0.493382
266.194741782 35.7358137562 39.8566 -0.0115205 0.615337
267.986547555 35.9258896795 40.3578 -0.225877 0.383375
270.024672916 35.992980746 40.5355 0.0641586 0.230801
271.932537107 36.1281057839 37.637 -0.037339 0.400036
274.11075023 35.7583339129 44.6263 -0.256522 0.337435
275.750066969 36.2130095263 42.521 0.0475237 0.367653
277.88096581 36.0964101276 38.8618 0.0332541 0.458375
280.384327095 35.50618497 33.9278 -0.121702 0.35278
282.111994934 36.037209662 33.2785 0.0348659 0.511222
283.336189873 35.7788255499 32.0517 0.0426844 0.899021
353.704954082 36.94267576 28.3052 0.218253 0.713626
3.0981 34.215 38.095 0.445737 1.04786
5.1196 34.5866 38.0469 -0.592525 1.05171
8.86431621465 34.0260306723 35.0685 -0.268761 0.61107
9.07 34.34 28 0.793625 1.36475
24.4693170875 34.8975418032 29.894 0.141337 0.656314
33.3302834922 34.9605669845 23.0437 1.15717 0.826864
35.5208785765 33.0963904177 27.4828 0.900421 0.947095
43.2576 33.401 47 -0.896439 1.57703
108.68915405 34.8173538815 37.0187 0.554886 0.577517
109.786790381 34.8568261 35.1673 0.449674 0.4786
111.915100954 35 34.1858 0.339136 0.960469
113.925081536 34.5885205649 31.9077 0.356678 0.505682
116.474029715 33.9063197727 33.5097 -0.00875019 0.434834
118.146068616 34.0142233782 32.5783 0.0425964 0.337625
119.200739878 34.3486981502 31.3267 0.11945 0.464614
126.5575 34.1569 32.5 0.0244786 1.57611
240.269466569 34.1664124071 26.5256 0.630562 0.348165
242.04940938 34.0601969007 29.1441 0.770147 0.145631
243.666655654 33.85462251 30.054 1.23096 0.160514
245.892659569 33.8546096402 25.9336 0.868509 0.230845
248.103033138 33.8736403575 30.6598 1.08481 0.226338
249.871473316 33.7837170654 34.8103 1.36976 0.282103
252.075888324 33.8131039065 35.1433 1.4538 0.318502
253.589253002 33.898827381 35.5021 1.5752 0.248239
256.174722129 34.0457457542 43.4778 0.868125 0.531707
257.884433865 34.0150959162 43.0968 0.606967 0.607148
260.140038609 33.9945335919 43.3211 0.0305773 0.800238
261.578164337 34.27531833 40.3613 0.317211 0.508418
264.074290337 33.9986991419 35.0329 0.101793 0.605618
266.280310607 33.6338055771 29.0607 0.315189 0.229422
267.853063482 34.0664780787 31.9046 0.153234 0.449844
269.888017819 34.0695709568 36.424 -0.109048 0.560826
272.30270289 34.0546976083 39.8471 -0.362133 0.50633
274.09127063 33.8806624069 44.9492 -0.22496 0.587978
276.310137968 33.8311122626 42.0288 -0.0271147 0.384965
278.010638312 33.7728675361 35.7351 0.073273 0.307359
279.816759742 33.635160777 28.4089 0.397456 0.333638
281.858039746 34.4511769067 34.3234 -0.233993 0.538791
352.006621139 33.1730226289 33.5373 0.142967 0.727781
354.295206392 33.6314662168 33.9779 0.780551 0.273653
355.421172424 33.4752055182 34.2686 1.19288 0.966673
10.53 32.58 32.0024 0.264168 1.09974
11.37 32.51 29.8 0.279884 1.4464
13.0881739756 32.2205202301 31.0515 0.628162 0.62538
15.8110068403 31.5282986971 28.1139 0.363907 0.971874
20.88 32.52 29.9351 0.490995 1.02865
25.2122 31.4916 35.5 -0.0697078 1.72222
28.5038 31.047 33 -0.0341715 1.60129
34.504315014 31.1766934454 25.1367 0.807639 0.433494
35.7812623588 31.9063928802 33.5985 0.499514 0.345428
37.7508569155 31.953894859 34.8611 0.529721 0.640133
44.0224 32.5398 44 -0.707762 1.47262
46.1607120203 31.427986794 45.8769 -1.11615 0.889147
114.229922002 31.38543682 33.4 0.177812 0.628338
116.483666366 31.6761966406 35.5971 -0.0400485 0.22973
118.037937335 32.0968430041 31.6711 0.106295 0.336093
119.780666366 31.6559529799 31.7408 0.0925888 0.287179
121.273101436 31.0805316928 32.3391 0.0199218 0.640516
242.393517321 32.8981862378 24.6849 0.575523 0.497248
243.868556733 32.602585841 27.8425 1.17014 0.261243
245.87585694 32.6661015944 25.2101 0.652202 0.507934
247.766725219 32.3834957576 25.4553 1.098 0.394483
250.086691681 32.1221907176 30.3171 1.54161 0.28527
252.301101856 32.4037603561 30.1173 1.5847 0.283958
254.026349232 32.0991611801 38.407 1.16899 0.549274
255.954673489 32.1254558021 42.5975 0.519482 0.394345
257.786515311 31.9235149459 41.9308 0.447447 0.617076
259.845034242 32.0641278136 40.3324 0.239451 0.741769
261.809449005 31.9618621756 38.8146 0.0475128 0.629304
264.026759444 32.1056610353 27.5304 0.53635 0.458291
265.874678488 31.9649107886 30.6492 0.235534 0.472625
267.804148511 32.222770808 27.414 0.432125 0.510673
270.197021273 32.0727085254 31.6392 0.277223 0.408723
272.425052149 31.8461177974 34.294 0.0217401 0.637596
274.128153324 32.0555269726 38.2145 -0.116863 0.766609
275.915907334 31.9868625142 36.4304 -0.0420693 0.515777
278.098586348 32.0235422556 34.2743 -0.033666 0.556723
279.611000452 32.7357771938 31.5892 0.0818106 0.687381
352.046411301 31.6586144963 35.1235 0.747204 0.464525
353.745037921 32.0523554129 32.3739 1.00221 0.484049
355.47266571 32.1433807317 35.9388 1.13655 0.338075
14.15 29.59 32.37 0.464307 1.57016
15.49 29.06 33.3 0.340541 1.6182
20.12 30.55 24.1 0.650261 1.18309
21.18 29.07 28.8 0.331913 1.40048
25.4556 29.2433 35.5 -0.135038 1.72257
28.5 30.1 33 -0.618094 0.963754
31.829562567 29.9289611853 34.2655 0.268458 0.832613
34.807428957 30.0765203202 32.5672 0.39072 0.332567
35.5744109862 30.1327500517 33.1921 0.787165 0.226244
47.6171587613 30.32610974 47.4891 -1.37062 1.12927
110.5 29 49.5 -0.021464 2.43571
112.423469658 29.5215935884 34.1556 -0.000221962 0.464561
114.270430411 29.7531527344 35.0895 0.0164078 0.426548
116.017061543 30.052853374 35.2119 0.000315194 0.208049
118.250736134 29.841206103 32.7412 0.187134 0.285469
120.108119775 30.0878635018 32.0318 0.204522 0.259751
121.589035368 30.1406103722 31.3153 0.127479 0.380347
244.267083116 30.4891926284 34.3146 0.197845 0.833452
247.680069301 30.5 23.9863 0.943645 0.853978
249.0507 29.0198 26.3 0.685753 1.28361
252.0226 30.365 32.6 1.54229 1.58234
256.114828008 29.843046371 37.2608 0.9478 0.405997
257.60139042 30.1933517203 39.2739 0.576435 0.579148
260.265221186 30.104119153 39.6396 0.195141 0.613956
262.28539678 29.8806708232 30.844 0.366992 0.53977
263.897762813 30.2498878557 32.244 -0.0964168 0.564571
266.00997992 30.0115788339 32.0543 0.00390236 0.529898
270.412815411 30.6679614718 40 -0.224538 1.1645
274.592599406 30.5533229563 35.7468 -0.132178 1.00236
276.269970925 30.3969555204 38.2543 -0.22712 0.759826
277.928557887 29.9804970927 37.05 -0.196652 0.600392
350.488989925 29.985074123 27.6086 0.878678 0.372507
352.067290674 30.3127075479 33.5982 1.04393 0.344305
353.510935263 30.5468173769 32.1165 1.18936 0.346507
356.11 30.95 35.5 0.569978 1.72651
28.3104 27.1484 38 -0.179325 1.84481
30.9175 27.6821 38 -0.153616 1.844
31.2945 28.6226 35.5 0.0908491 1.72442
34.5018312898 28.283472569 27.5941 0.911757 0.355018
35.828452748 28.1448748352 31.2113 0.758735 0.357476
37.59 28.65 35.337 0.762874 0.970579
41.790524813 27.3810804974 37.5483 0.793286 1.05301
44.34 27.5 45.6 0.458031 1.26121
47.94 28.19 45.6528 -0.900111 1.26247
110 27.4257667913 35.4073 0.244542 0.71632
112.20550768 27.836053759 33.9935 0.175324 0.266601
114.079725108 27.8279040142 31.9161 0.257674 0.556738
115.95078873 28.009620234 30.0541 0.294786 0.311765
118.10551564 27.9211308087 32.7799 0.362611 0.303234
119.854030588 28.1203911253 31.9696 0.418121 0.248269
121.089938765 28.4050306174 31.8044 0.27632 1.0917
245.986198644 28.0075093221 26.5114 0.484092 0.933235
247.409298808 27.304766608 24.5639 0.726568 0.700141
250.36374 28.91834 28.1 0.886288 1.36828
260.412825269 28.3296006701 29.5593 0.386797 0.643384
261.737086597 28.0711934028 32.2967 0.139055 0.703192
263.250174783 28.6197672898 31.6879 -0.764494 0.80482
278.350173855 28.146770622 35.8321 -0.133688 0.551797
279.335327409 27.4684777953 33.485 -0.0150848 0.942638
350.15 28.5 32.5 0.432607 1.57813
14.45 26.08 30.44 0.604084 1.4771
32.63 25.76 29 0.399948 1.40904
34.1788374805 25.5631773243 30.5093 0.419418 0.742583
36.6280385721 26.7884656142 32.2159 0.598473 0.628345
37.7379830863 25.2071455485 33.3718 1.38883 0.279146
39.2607036256 25.7897858531 31.3964 1.02685 0.626742
42.3702291048 25.7899815332 34.7447 0.668457 0.843875
43.2028707516 25.8600336756 38.0838 0.429696 0.827617
49.5492324809 25.5004980475 43.3374 -0.345002 0.855255
54.2339 25.22 31.6 0.0390401 1.53447
109 26.3255646496 42.5116 0.27305 1.19588
109.969058957 25.8331642568 34.5607 0.349346 0.420801
112.154828635 26.2722769321 33.5355 0.225764 0.334282
114.217542947 26.2427123081 31.2504 0.460121 0.302775
115.900279686 25.949801731 31.7916 0.467282 0.244366
117.927841502 25.8189973763 32.0508 0.506681 0.206555
119.486628476 26.1756620835 31.1116 0.273749 0.229754
248.28329253 26.5023594174 21.9249 0.913963 0.543438
250.769158408 26.9156605307 25.0243 0.739083 0.866836
254.336 26.9368 39.9 1.45665 1.93739
278.703081852 26.6452108012 35.6167 -0.148705 1.22192
279.253242827 26.112454018 36.4837 -0.190398 1.25244
23.13 24.1 36 0.222302 1.74701
28.9546 24.3195 35.5 0.16656 1.72166
32.6216070592 23.5903479445 39.347 -0.114144 0.722007
33.7465617486 23.8774817138 31.538 0.405052 1.0962
37.990408555 24.339944288 29.6754 0.646271 0.587316
39.5995694853 24.4157950839 34.9104 1.24062 0.29
42.48 24.56 35.0319 0.741897 0.96087
43.5619771527 23.8343701504 38.2998 0.817083 0.669959
45.9541664118 24.2857926508 41.861 0.603669 0.576944
50.742326165 24.4345494106 40.9979 -0.541685 0.799209
52.3586730845 23.9449669374 31.8734 0.0933399 0.893351
54.0564911113 23.6722657992 31.5041 0.181755 0.685374
55.275448683 24.1100729671 33.3061 0.111243 0.81345
68.83 23.33 26.5 0.457001 1.2944
70.1393373856 23.4405539166 38.7674 -0.214969 0.365443
72.2791104011 23.9124034891 39.1305 -0.0851997 0.957107
73.85 23.29 33 0.111858 1.59983
78.1421661661 23.6818493036 40.8767 0.290907 0.747635
79.3427471697 23.4147868654 40.8794 -0.0150481 0.388519
108.69901765 23.9368813315 31.9096 0.319848 0.774072
109.846220903 23.7034405569 30.3329 0.314116 0.416983
112.011222079 23.856687724 29.8097 0.388234 0.295976
113.94603219 23.8308816544 29.4766 0.407073 0.249797
116.050481602 23.8596437874 30.22 0.370878 0.255843
117.83411694 24.3164226277 29.2075 0.305974 0.250139
248.89357 24.398199463 28.2917 0.378931 0.974558
250.021252041 23.5263531846 25.8342 0.801059 0.571975
252.26067 24.73088 20.3 1.0021 1.01279
255.882178198 23.8838563446 43.35 1.24051 0.89195
260.5344 24.8982 27 0.694594 1.31706
278.947701 24.726601 35.75 -0.171403 1.73418
5.53 22.79 38 1.13267 1.84686
32.3258 22.9226 40.5 -0.107706 1.96849
39.8692111721 21.6648043611 32.8515 1.33207 0.310614
42.8195215286 21.3135021307 37.5563 0.767712 0.738003
44.0022314635 22.4192692132 36.8555 0.661686 0.509436
54.32 22.95 32.1 0.146348 1.55761
55.8908791732 22.5384735949 33.7767 0.0964348 1.16608
57.869172253 22.2198894029 37.4957 0.0207171 0.688168
59.4414 21.6855 33.2 -0.013678 1.61216
70.2177707258 22.2483628184 35.2757 -0.0429255 0.653665
71.4450297595 22.1492189652 35.6585 -0.0261722 1.2283
73.3702958808 21.8370423907 33.9517 0.021424 0.832492
79.694669744 22.2860604157 38.3402 0.162544 0.457023
88.3660040313 22.7 33.7866 -0.822243 0.700903
108.60589087 22.2533109797 28.5544 0.369572 0.492639
110.077266497 22.1177736076 28.1889 0.390627 0.269632
112.010997129 22.0372914445 28.616 0.350557 0.246438
113.737196882 22.596558874 28.3472 0.329294 0.308954
115.689965024 22.8952498725 29.0459 0.272673 0.576606
255.4793 21.0538 33.4 1.17985 1.62088
257.433 22.7692 40 2.05596 1.94525
261.588716129 21.3142562473 29.5813 0.408119 0.720784
276.985855882 22.7815540442 25.795 0.966748 0.57308
288.8673 21.51149 30.5 -0.1786 1.48185
344.205454613 22.5465898244 27.7622 0.488367 0.604991
40.4101079293 20.2770035634 23.4221 1.09025 0.517167
42.2039149071 19.6292569365 39.9053 1.62807 0.415119
43.6589856821 19.6795717876 40.3704 0.884188 0.684483
51 20 42.5 -0.290499 1.41916
70.93 20.98 37 -0.0912256 1.79298
73.8639368556 20.2205290328 36.6502 0.294932 0.445634
75.6616089408 19.3188646849 36.1409 0.300584 0.784379
78.3013648418 19.9911188238 36.1144 0.315267 0.484846
108.853699311 19.2670026058 30.5803 0.16468 1.05101
110.142039198 19.5553206488 28.2898 0.422451 0.317569
258.7729 19.6468 30.9 2.18922 1.50212
260.527548828 19.7765841555 39.7377 1.98462 0.585979
261.658729379 20.0560124911 39.2729 1.76238 0.308295
263.497629421 19.3016087663 31.0104 0.571395 0.582807
271.630042418 20.0814067087 25.1157 0.596505 0.716475
42.3629852286 18.1723515498 38.5124 1.37805 0.596441
43.5405484711 17.7046667856 44.825 1.7777 0.885627
54.09620013 17.33499126 31.2765 0.643279 0.44106
55.62 18.02 34 0.194049 1.65055
73.9875183464 17.6985058808 37.7019 0.458822 0.646551
76.6799941976 18.4077749404 36.2554 0.584948 0.659516
78.3130836391 17.8152394847 33.044 0.583474 0.348429
79.5611584482 17.6879134386 33.9248 0.218712 0.83222
83.3132935404 17.7088623603 32.3395 0.054631 1.11196
101.624192906 17.5091446792 34.2884 0.268532 1.17656
103.59610285 17.7821935845 39.0713 -0.137829 1.09637
105.646607459 18.6324519291 28.6519 0.296614 0.623666
108.931171446 18.7226083144 30.5609 0.326436 0.857653
109.879827606 18.6953402365 30.1942 0.401664 0.48924
260.545149163 18.1280059022 37.1231 0.944142 0.316268
262.37441487 18.0555873592 35.9118 1.6739 0.40245
264.39570621 18.0056456293 33.5243 0.333925 0.284841
265.392589305 17.6558815013 25.9447 0.550841 0.901471
268.8134 18.967 31.7 0.0542619 1.53789
32.5551658016 15.5751650434 34.5344 0.302114 0.969208
43.4576305405 15.5319018908 28.0876 1.43411 0.569682
54.0067583903 16.8943053118 27.1748 0.68387 0.93914
74.4182739566 15.6998935188 40.0529 0.219623 0.428076
76.3357500513 15.8123830748 37.5541 0.284211 0.578823
78.3498330039 16.4210676515 34.9226 0.53879 0.467381
79.8736684454 16.5184829246 35.7076 -0.0395348 0.552186
100.968881847 16.5732411277 39.2896 0.494599 1.34906
107.58 16.411 29 0.275317 1.40956
262.64 16.86 43.3 1.30557 2.10992
264.595410989 16.6282599104 33.1266 0.451929 0.611583
265.498867962 16.7077325369 30.8654 0.486085 0.749866
267.8632 16.2818 33 1.72065 1.60129
1.7 13.14 41 -0.144863 1.98881
38.98 13.68 39 1.60664 1.89338
40.3174289247 13.4575642885 19.1319 1.84179 0.360316
43.9033528879 14.0191814972 27.5743 1.21469 0.365034
45.3919460582 13.9175690538 34.212 1.90784 1.17483
74.5382232745 14.4685261298 42.2608 -0.150562 1.03004
76.140399459 13.6213585559 39.4007 0.430448 0.317859
77.7684533628 13.8579964148 36.1839 0.488543 0.277515
79.4136692554 14.0249425117 35.3825 0.187479 0.717917
101.320951921 14.3150961572 34.5154 0.234675 1.18402
108.991 14.033 28.5 0.340066 1.38642
109.293 13.111 27.3 0.385496 1.33098
273.991492921 13.4076203696 37.819 0.537247 1.06456
343.04 14.39 26.3 0.452506 1.28392
355.99 14.5 42.6 -0.142448 2.07378
37.9192121507 11.9561208154 42.2802 1.85759 1.03022
40.3270190435 11.988333802 25.518 1.46744 0.249952
41.4729061461 12.0856572142 24.9959 1.19216 0.363734
44.98244 12.77592 20.4 0.978613 1.01692
53.7053234644 12.5656214387 22.5658 1.00237 0.225681
74.8762190975 12.9189178384 42.0228 -0.378378 1.18126
76.4389775117 12.0539556374 42.9583 0.378072 0.324013
78.0523694595 12.1095482468 38.5772 0.369301 0.445307
102.352741589 12.7440646028 32.5847 0.290861 1.13198
108.599549745 11.8589549537 33.6388 0.985426 0.816917
272.904 12.725 31.8 0.205472 1.54306
273.772460476 12.4073256119 31.6284 0.339573 0.387189
275.547205533 11.5476486631 33.7286 0.0179048 0.819069
7.74884005509 10.5654467215 32.8319 0.661553 0.784466
9.1167 10.1168 39.7028 0.789951 1.09084
13.8211119228 9.80581140082 28.2188 0.613378 0.797719
15.26 10.33 30.5 0.458996 1.48216
28.7 10.06 38 0.943994 1.7446
29.92 10.25 43 0.982919 1.97953
36.52 9.09 34 1.91633 1.64743
38.5951602892 9.3807476157 40.5418 2.08134 0.602418
40.255685479 9.823869522 30.564 1.58287 0.27786
41.8571665072 9.60251542638 33.5715 1.72316 0.672844
76.6664535673 9.89718979854 38.9361 0.0419569 0.63255
77.6197926025 10.2047059682 39.9967 0.471724 0.472546
275.442297614 10.7901051062 33.4204 0.0417205 1.15392
284.83 9.89 37.1 0.0655397 1.80069
292.636670976 9.44520796395 36.7102 -0.0450716 1.26057
293.703 9.262 46.2 -0.390217 2.2547
295.802443226 9.43772813227 41.0104 -0.456804 0.547562
4.5334 7.5334 35.0635 0.275851 0.962361
12.67 7.36 35.5 0.965308 1.72342
13.5953545478 8.13436658957 26.3009 1.06833 0.40833
36.6073611911 8.26945390486 37.994 1.5743 1.07024
38.3999798675 8.12381972601 35.6256 1.72257 0.480856
39.632854647 8.35705261375 35.2213 1.73231 0.265959
76.9654881608 8.5083314959 35.6088 0.0473972 0.607322
77.232908337 8.42824568392 36.4022 -0.0354631 0.889034
80.64446861 7.67398462647 38.1558 0.162404 0.757164
284.34 8.77 24.5 0.658227 1.20085
290.517 7.001 47.8 -0.515304 2.34389
292.395017418 8.8857634972 42.3653 -0.337724 1.1898
294.005502373 8.25689486814 40.5747 -0.257737 0.659201
296.251388552 7.94400815624 40.1898 -0.211004 0.352992
297.729822021 7.87387017757 38.87 -0.0207571 0.570595
0.0155479801118 6.13747854455 41.1237 -0.0634011 0.481487
7.42 6.87 28.5 0.683915 1.38658
10.0532118073 5.72724605361 33.8979 0.865752 0.738589
11.9995529101 6.16816529312 36.0618 0.720441 0.874966
13.7805344858 6.50002096023 35.5 0.837685 1.21751
18.42 5.17 40 0.203139 1.94248
36.7106396234 5.56614577061 29.2647 1.22093 0.715268
37.9530776942 5.77931746022 37.2661 1.33583 0.708674
80.681 6.087 37.0923 -0.154092 1.27194
116.317831872 5.93688281499 33.2263 0.428337 0.206264
117.497335219 5.85707638065 28.5516 0.397128 0.303634
292.344 5.42 31.4 0.177479 1.52545
293.157202678 6.58605066938 37.3689 -0.0932899 1.28418
296.87 7 43.5 -0.171542 2.11788
298.420433435 6.42206060436 36.5759 0.35084 1.02446
306.06 5.74 36 -0.173655 1.74684
307.311967375 5.15853596142 41 -0.36517 1.40992
355.14 6.68 38 -0.145036 1.84795
358.5629 6.4647 43.2677 0.333669 1.19637
9.63499077144 4.35921408084 28.9074 0.707014 0.823451
11.5557707021 4.21364781334 40.1832 0.288734 1.38508
13.19 3.98 48 0.0800555 2.35247
15.03 3.52 43 0.124645 2.0958
18.55 4.44 43 -0.0177594 2.09688
32.88 3.29 35.1 0.825519 1.70133
36.002391506 4.03590769573 24.0792 1.23083 0.488204
37.9912001027 3.93876441977 32.7985 1.2017 0.566522
39.5169737548 4.02404911473 26.8898 1.42707 0.952847
116.443039226 4.66799619366 35.5291 0.571394 0.403584
117.557118905 4.64107435187 33.437 0.193879 0.580274
307.550250611 4.6352714957 37.3494 -0.188697 1.2816
9.87000695672 2.66504782747 28 0.335773 0.964387
11.6161751409 2.68102186165 45.5 0.112994 1.57393
13.29 2.7 43 0.171876 2.09416
32.28 2.88 38.2 0.753272 1.85149
34.0673953068 1.85214382242 36.9668 1.0549 0.54237
36.2446564549 2.25084010458 26.5958 1.2828 0.503137
37.3465865943 1.8421984748 32.1452 1.11574 0.568306
110.308934761 1.47168357149 27.2008 0.401687 0.664268
112.211935572 2.45142612914 24.2228 0.708015 0.602809
299.478607446 2.39767907738 44.239 -0.339724 1.5315
30.253572742 0.525496048939 26.8502 1.79377 0.278012
31.9050338959 0.18331887164 36.0858 1.05994 0.714937
34.4515159171 0.647839112068 37.1183 1.24674 0.544416
35.6675241945 0.43229415597 37.2571 1.10349 0.702004
37.8509044207 0.796555156835 34.4128 0.82254 0.76505
111.48 0.07 32.25 0.0523273 1.56652
114.904102362 -0.954102361655 33.314 0.0246682 1.14809
117.21 -0.45 35.9388 -1.34038 0.969501
285.21 -0.17 28 0.503452 1.36405
292.97 -0.12 41.3 -0.301804 2.00662
293.022 -0.122 38.2 -0.185917 1.85527
307.999381636 0.0445256104954 36.2005 -0.0426831 1.01709
13.61 -1.66 45.6 -0.168367 2.22773
27.5 -2.31918169318 35.87 0.866681 1.0434
30.0419541688 -1.77696371174 38.102 1.69523 0.911939
31.7759286626 -2.26085795849 40.1919 0.833687 0.981063
33.6596302504 -2.21169715765 33.854 1.31392 0.585327
36.3805183791 -1.96530249424 38.24 1.44176 0.35403
37.6484062144 -2.04431326522 41.0937 1.26023 0.420983
104.717724756 -2.90698523599 32.0267 0.0463296 0.898016
106.13 -2.16 31 0.128463 1.50576
107.65 -2.75 32 0.0490554 1.55244
111.665148325 -2.69514832451 31.4852 0.0845443 1.08138
116.905 -1.1073 34.3 -0.053149 1.66174
132.248954569 -2.91925 33.478 0.164158 1.15348
300.216755257 -2.2814348897 39.8135 -0.229174 1.11872
305.524557362 -2.1276289908 41.4166 -0.310787 1.16471
312.00742103 -1.64120803428 39.2165 -0.270287 1.1051
315.875 -2.897 43.9 -0.443878 2.13494
29.9362570372 -4.59803880288 40.6367 0.664254 0.660078
32.64 -3.82 37 0.982966 1.7949
34.0915210675 -4.77422973423 36.9698 1.09179 0.597941
36.0941503016 -4.22984222217 37.2424 1.05595 0.572303
38.1431914427 -3.53174824564 34.8483 1.23668 0.512944
114.84 -3.46 29.5384 1.12283 0.692454
116.17 -3.3 36.9616 -0.36961 0.857691
133.7044 -3.6616 30 0.201243 1.45853
286.68 -3.816 36.8131 -0.114644 1.26487
290.091 -4.187 42.2 -0.333543 2.05197
299.318135365 -3.16093231742 43.3052 -0.404488 1.49086
304.268011847 -4.36850888519 42.8491 -0.298952 1.47436
310.46 -4.25 41.8 -0.329299 2.03334
318.200101824 -4.58568302609 40.384 0.202989 0.73609
319.96795429 -3.89864694572 32.747 0.391759 0.394128
321.62806189 -4.30764370721 31.4182 0.348548 0.531478
30.3922719861 -5.1045439722 40.1627 0.736222 0.97593
31.2786562202 -6.1054493283 40.2587 0.769611 0.876384
33.8176538934 -6.4328859594 39.7952 1.03607 1.36938
35.8498763458 -5.523472696 38.7238 1.02629 0.711113
37.7476411727 -6.15259251003 36.3294 0.593923 0.72083
110.743992215 -6.34959219776 32.4352 0.147003 0.789079
111.503 -6.6657 32 0.122301 1.55298
119.752 -5.01410708988 36.4078 0.246173 1.24988
285.323206429 -6.84118382791 39.2111 -0.118979 1.34812
290.1 -6.32494926016 45 -0.343746 1.55441
310.244655788 -5.72758483219 39.6423 -0.112345 0.682149
312.281879373 -6.15738961153 40.2092 -0.0559354 0.694427
314.17320442 -5.71438151465 42.5443 -0.0195119 0.711333
316.200182959 -5.38969402157 39.0811 -0.101892 0.51955
318.004212691 -5.16038658612 40.6523 0.010539 0.740559
320.184996983 -5.63103024825 36.4576 0.249673 0.530885
322.149758004 -5.96434656406 31.5841 0.378596 0.329062
324.173268725 -6.34767525757 31.7846 0.481479 0.357966
13.55 -8.64 33.279 0.422533 0.914381
20.7860800721 -7.87730604151 36.171 0.750653 0.703475
28.53 -8.28 42.5988 1.14005 1.17555
30.7257746943 -7.58475280587 33.6306 0.836187 1.15736
31.44255853 -7.91671227671 41.2739 1.21011 0.56202
33.8400816824 -8.67878498399 38.1818 1.18871 0.38041
35.7203006835 -7.92314064496 38.1697 1.29257 0.655929
38.7733 -7.1981 21 1.20338 1.04367
140.4141 -8.5181 27 0.395723 1.3174
285.679009428 -7.65976063215 36.9786 0.0161042 0.680595
296.65 -8.8 44.9 -0.41979 2.19217
304.641038141 -7.04740464767 33.7771 0.212446 1.15943
312.407370823 -8.82262420722 41.0362 -0.0922759 1.15759
320.079943493 -7.6744124432 38.8301 0.11105 0.550189
322.057537456 -8.00868363019 37.1155 0.469316 0.396025
323.983456141 -8.04209644803 33.6182 0.704753 0.253424
28.7 -10.06 40.9525 0.61633 1.41457
29.92 -10.25 42.7473 0.949036 1.47532
31.7589647635 -10.3019078989 40.9969 1.09194 0.466246
34.0017184055 -9.81595719156 39.4906 1.09277 0.221571
35.4237041003 -10.0692724436 36.606 1.05385 0.363927
37.917 -9.7896 38 0.257657 1.84392
105.652 -10.4807 26.3 0.343359 1.28417
293.78794489 -9.8184586677 43.6348 -0.331084 1.50732
295.204 -9.533 45 -0.387907 2.19985
304.203 -10.873 41.5 -0.0755103 2.01677
310.97 -10.58 35 0.195399 1.69777
311.938804642 -10.2169473587 42.6665 -0.073674 0.786393
313.442077299 -10.3735314083 44.9896 -0.0410857 1.55427
319.86728422 -10.1558606957 42.0192 0.222865 0.511901
322.1446872 -9.98584845217 35.7578 0.436588 0.33626
323.572232973 -9.73520911765 36.6092 0.219128 0.619201
26.1359603196 -12.1538593324 44.3204 1.24912 1.06626
28.2057677653 -11.7402867378 39.2665 1.20114 0.570615
29.8026793569 -12.2237482425 38.6617 0.972188 0.659639
31.6032235594 -11.4871350262 44.8896 1.20382 0.685803
34.1322813706 -11.4959511876 40.4835 0.681777 0.507154
35.46 -11.2 37.0908 0.531198 1.2735
49.3606 -12.2825 18 1.46158 0.626093
130.674713531 -11.5843899516 34.1066 -0.0471268 0.59144
131.873865123 -12.7569630113 35.699 -0.126931 1.22573
136.783 -12.1874 35.6 -0.149427 1.72774
299.8 -12.9514370017 41.2143 0.0280553 1.41734
302.010160504 -11.6349590309 34.8549 0.198479 0.762476
303.27 -11.612 38.1808 0.0727794 1.31074
308.708021531 -11.9719784687 37.5978 0.0115448 1.29103
310.333087948 -12.2930290325 43.9585 -0.223665 1.24157
311.850878068 -12.2520308305 39.4649 0.00289721 0.725885
313.11 -11.48 40.2 0.183537 1.95745
315.097 -12.409 40.6 0.274656 1.97238
320.802843336 -12.3152853626 39.0237 -0.204161 0.485859
321.57492078 -11.8019863416 35.789 0.157562 0.76951
13.45 -14.91 37.7014 2.16924 1.03568
24.8 -14.79 40.4562 1.02401 1.11353
25.4455047323 -13.308100635 39.5616 1.1743 0.773208
29.938845327 -13.3736048533 42.2139 1.13374 0.588116
31.9331134394 -13.382399893 43.7796 0.340034 0.871757
34.1947637841 -13.6685358431 42.2859 0.365934 0.686606
35.720540399 -13.5681167954 41.8881 0.429277 0.834568
37.499 -13.197 37.7 0.452053 1.82922
48.3771304991 -14.4577250278 32.384 0.828268 0.544289
50.0857905485 -14.1516467933 32.2079 0.329598 0.511711
131.587157678 -14.3807365166 40 -0.791844 1.16453
143.047568943 -14.7165978285 34.8369 0.00347878 0.8686
293 -13.4871934385 40 0.116961 1.16482
295.563 -14.895 30.2 0.318617 1.46644
299.985 -14.533 48.4 -0.419286 2.37455
304.223 -14.322 40.9 0.0922375 1.98619
310.582372416 -13.3810932042 37.1439 0.219711 0.532264
312.004391522 -13.6154287621 40.1331 0.242688 0.363262
313.686123631 -14.0055585649 40.3878 0.179365 0.55846
315.418 -13.432 40.1 0.240347 1.94797
320.529049803 -14.6136476023 38.6811 0.2363 0.926753
23.15 -15.25 40.0949 0.922669 1.10321
26.02 -15.75 37.903 0.870685 1.0417
28.19 -15.28 38.4064 1.1176 0.922261
33.7980781162 -16.0602096119 39.027 0.204205 0.767007
36.0540271748 -16.0643645615 37.0127 0.496168 0.591619
39.25 -15.08 41.0898 0.304208 0.985741
46.4263 -15.7323 35.5 0.814951 1.18541
48.2241363402 -15.7211224312 32.8784 0.323656 0.639121
128.76 -15.68 38.1 -0.214345 1.85252
132.219302112 -15.4678298134 43.93 -0.89126 1.27967
134.1 -16.4808033823 48 0.410069 1.41036
136.16862473 -16.465233434 42.5549 0.153951 0.884536
179.45 -16.302 28.249 0.33528 0.977028
300.862319473 -15.4491624488 41.3029 0.212415 0.989673
302.839 -15.38 44.4 -0.294945 2.16265
304.30851591 -15.9003710226 34.0901 0.147782 0.937401
308.073578984 -16.005724066 34.43 0.355656 0.624907
309.750833144 -15.7250681917 35.956 0.374811 1.015
311.985 -15.642 41.8085 0.754887 1.43937
315.83594125 -15.8084307298 39.5181 0.370471 0.858295
320.338210104 -16.0286148609 41.9418 -0.136573 1.18088
12.5105559827 -18.1669792325 35.2695 0.396886 0.766766
13.6725241964 -17.8963694296 40.5541 0.738039 0.698833
19.76 -17.91 38.8627 0.858818 1.06833
21.338223 -18.53956 38 0.791097 1.84025
23.500484 -18.62088 38 0.682197 1.84509
25.1808565946 -18.3470401115 35.777 0.835535 1.22963
35.03 -17.44 38.1 -0.197014 1.84568
46.0161024037 -18.0864860325 38.7645 0.38755 0.481817
47.872587583 -17.9806813738 43.9766 1.13356 0.860447
49.4599 -17.7062 43.1577 0.0968201 1.19127
122.132219761 -18.3903814885 36.5338 -0.159742 0.474889
124.0950053 -17.4368561674 34.2256 -0.0173489 0.430453
125.440035569 -17.217158435 36.0604 0.137955 0.715599
130.268049193 -18.9872196771 40 -1.55894 1.1675
134.12818028 -18.5302792372 42.2238 -0.153707 0.923493
136.069490593 -17.9450278873 42.4739 -0.174845 0.655815
137.916344398 -17.9783387449 41.1836 -0.130533 0.540414
140.203805282 -18.5278678454 37.2788 -0.168565 0.548706
141.386783775 -18.2694743984 36.9548 -0.160172 1.04203
177.890736921 -17.8753743916 28.612 0.371804 0.329987
179.952 -18.566 15.7436 1.32386 0.576167
299.781927993 -18.1338608727 38.3611 0.214202 0.827227
301.730300811 -17.9767677752 39.9608 0.186923 0.637302
303.380724407 -18.989758531 36.911 0.231121 1.01818
305.120080338 -17.6000803383 33.0535 0.434905 0.789561
307.850290319 -18.5085026718 43.0468 0.407196 0.850866
311.869913933 -17.9449352157 38.9992 0.436299 0.717198
313.400381878 -18.5295091349 42.2975 0.514337 0.665835
315.679200004 -18.1896776905 39.1581 0.719359 1.34567
318.815 -18.703 37.9461 0.0745762 1.30289
319.332620579 -18.5861409562 35.0574 0.164498 0.849874
12.8041070665 -19.5320111762 27.3433 0.420123 0.943984
14.0544819328 -19.7749138601 37.1152 0.581766 0.683472
15.5521404242 -19.8087026485 34.228 1.09489 0.959371
17.543165026 -19.4168188641 36.7295 1.12622 0.722154
21.5944268754 -19.4699019326 40.552 0.674449 1.39769
23.911606537 -20.0120279852 39.2504 0.628757 1.10507
26.21785 -20.562851 49 0.2725 2.40354
28.613596964 -20.5461363961 38.4972 0.889536 0.708076
30.5070812865 -20.2551897046 37.4538 0.817667 0.548507
31.32 -19.96 37 0.970813 1.79511
44.6595 -20.0676 28 0.385731 0.936003
45.5964 -20.3428 33.1876 0.200178 0.911251
47.7679498009 -19.4856922714 38.5663 0.862442 0.538293
116.82 -20.75 30.1 0.176286 1.46323
118.494932313 -20.6344747445 29.7217 0.238048 0.834998
119.759239852 -20.3745952488 29.8159 0.278778 0.314618
121.458035833 -19.5604991118 38.1087 -0.220545 0.656233
126.49 -20.44 42.4 -0.107955 2.06327
130.018713371 -20.1032101926 39.3017 0.0673647 0.531532
132.162056346 -20.2040544495 38.8792 0.0662866 0.490712
133.919906479 -20.0846118501 42.2569 -0.0634824 0.424692
136.018373171 -19.8882826772 42.5472 -0.164309 0.476578
138.102474867 -19.9935754362 41.28 -0.137458 0.411202
140.0509207 -19.9478715836 40.9635 -0.158647 0.436889
141.731282602 -20.0389808217 37.6159 -0.115042 0.410122
146.16798377 -20.06798377 37 0.256638 1.07755
297.49558673 -19.3808417192 31.677 0.464694 1.08858
299.655019205 -19.8872052032 32.0568 0.251083 1.10253
302.157 -19.07 43.4 -0.278306 2.11429
303.949208496 -20.4668978707 35.8359 0.294084 0.650519
305.572572557 -19.5904992022 37.2538 0.218922 0.676702
308.674 -20.672 47.0449 -0.244402 1.6286
309.666623809 -19.7111590843 44.2718 -0.0948605 0.953917
312.231315717 -19.8252334246 42.1577 0.215561 0.631582
314.037466499 -20.4101305369 38.9941 0.5012 1.09409
315.374710739 -20.6057473665 39.2248 0.588263 0.954505
317.1 -20.4679234034 42 0.142483 1.22162
319.437557354 -19.9770838914 37.6686 0.00925793 0.914037
14.5359251625 -21.6212806721 32.9205 0.482807 0.604726
15.7632376356 -21.9398521937 40.8378 1.18749 0.775832
17.4752672422 -22.1216953572 44.4928 1.58142 0.643502
20.4368456464 -22.9134850424 42.488 0.844906 1.46557
21.7331331942 -22.1408080363 44.9558 0.645596 1.55442
23.771767 -21.403549 37 0.753013 1.79636
26.0652394283 -21.9744871666 41.693 0.656089 1.01603
27.8774099231 -22.485973873 42.1441 0.612301 0.645563
30.091561094 -22.3018499012 39.5145 0.621411 0.551252
44.2989446907 -22.5759835543 25.6544 1.02734 0.37435
46.1126829728 -22.2859530972 36.8233 0.835705 0.306744
47.6763774059 -21.5013626156 38.1704 0.329377 0.386528
114.23 -22.64 29.9 0.228874 1.45257
116.377322066 -21.9729815262 33.0681 0.284031 0.735565
117.942028996 -22.4805518482 32.4167 0.649947 0.444781
119.839582958 -21.5738841329 30.1955 0.466848 0.217811
121.973994916 -21.7004946367 39.249 -0.0284867 0.72282
123.50523065 -22.1221789842 40.7483 -0.0739427 1.14487
129.804927894 -21.9358914143 42.5357 0.00508366 0.520124
131.96150694 -21.9733542778 41.8611 -0.087249 0.473464
134.046516066 -21.6985462998 36.9448 0.210393 0.386441
135.927916284 -21.3434760906 40.8245 -0.0307735 0.66414
138.211717811 -21.2730865146 40.445 -0.131507 0.80297
140.07010636 -21.9315867186 42.9322 -0.195494 0.4576
142.065819077 -21.947116748 40.7861 -0.179094 0.531275
143.825938685 -22.031635074 38.7448 -0.0772111 0.527791
146.487174375 -22.4256512505 40.3 -0.662415 1.17207
166.454 -22.3073 26 0.466566 1.27081
300.056 -22.277 37.5846 -0.0843585 1.30316
302.421222633 -21.6134309419 42.9925 -0.00902944 1.0342
303.997643812 -22 42.921 0.263562 1.20224
305.222380418 -22.5327542855 41.6134 -0.23572 0.997544
308.275123063 -22.2789462153 44.4856 -0.291898 0.648025
310.198857841 -22.0941508879 43.4761 -0.0318349 1.49948
311.9265394 -21.8595706109 41.9509 0.175917 0.833621
313.867531325 -21.8653010769 40.6393 0.662746 1.1403
316.368700804 -22.2791741781 35.9469 0.418948 0.662062
317.995817919 -21.7500355902 36.3344 0.160179 0.668703
14.4681467989 -23.1681467989 29.5 0.388347 0.864274
17.860493374 -23.7780883185 45.7283 1.15397 0.773488
20.61 -23.52 43 0.784351 2.09685
21.4047803958 -23.7546323306 41.4868 0.774327 1.1663
24.4442939621 -24.1522419933 40.8846 0.942604 0.688128
25.6211444978 -24.4139384445 41.8333 1.03709 0.669182
28.0238521116 -24.2225794039 40.9075 0.820534 0.508841
29.6762914822 -24.0607642817 40.2191 1.45052 0.538735
31.3990010562 -23.5186718214 38.5447 0.552057 0.926954
34.6221939953 -23.7415408688 40.1837 -0.254287 0.977521
35.25 -23.8246979695 36.6641 -0.118586 1.25689
44.2471688829 -23.6928659824 24.2639 0.972672 0.416672
46.4667553875 -24.663498118 36.7235 0.444367 0.663143
47.5303040047 -23.6397055089 34.9494 -0.00317861 0.635321
114.144161145 -24.9197291931 25.8838 0.540676 0.898215
116.369568403 -24.2438999457 38.1966 0.0900819 0.301222
118.030084159 -24.0661374657 37.0467 0.216371 0.805196
119.368049973 -23.392890901 33.4171 0.626891 0.554703
129 -23.4 40 -0.39887 1.334
129.858534971 -23.9905565923 45.2846 0.00656146 0.640403
132.187106323 -23.951797158 42.7187 0.118558 0.564787
133.87670625 -23.9088641458 41.922 0.147766 0.488235
135.002213922 -24.2967938219 41.1271 -0.0662501 1.42381
140.097617552 -24.2502161517 41.9448 -0.312029 0.722274
141.990921077 -24.1495069844 38.3527 -0.0857887 0.500939
144.078358364 -24.0956163368 37.5478 -0.0244212 0.471174
145.280947443 -24.1532792155 38.5361 -0.0241478 0.79284
148.757221381 -23.8826686859 34.7633 0.0764833 0.650772
149.269577446 -23.5683385785 38.0421 -0.154465 0.587112
301.63897231 -24.5309809368 42.4922 -0.344243 1.46255
303.896 -24.997 43.1 -0.13239 2.09893
305.963 -24.459 38.9 0.0467007 1.89124
308.544765215 -24.4417014147 41.5997 0.220719 0.905172
310.049995776 -23.6250391441 41.8198 0.203661 0.636184
312.189593914 -24.3372772042 37.8622 0.112062 0.752617
314.232377448 -23.348199101 36.6875 0.545446 0.539836
315.56 -23.021 29.6 0.279798 1.43836
22.857294 -25.475531 39 0.699971 1.8913
23.6689006099 -26.2039627314 36.0026 1.03738 0.653321
25.7857780498 -26.1327195302 39.8747 1.08944 0.377743
27.8742912202 -26.2786261845 38.2915 1.03247 0.392345
30.0677465674 -26.2707484346 39.579 1.70111 0.575127
32.4095188643 -25.7454211609 40.5324 -0.274522 0.987442
45.15 -25.5358 31.0371 0.394548 0.855291
114.29 -26.21 29.8 0.203159 1.44871
115.970067451 -26.0152535378 36.7034 0.103941 1.26818
117.856160798 -26.3666167306 35.4148 0.34121 0.521691
119.164445091 -25.8744421807 40.3426 0.202664 1.38836
121.93 -26.19 43.7 0.0142536 2.13327
123.01 -25.29 41.4 0.0417227 2.0123
128.3 -25.04 45.3 0.0816301 2.21173
132 -27 40.2 -0.0901376 1.34119
133.1111 -25.5487 46.1 -0.0780107 2.25607
140.9753 -25.6633 38.6 -0.162457 1.8757
142.227870705 -26.2157956996 37.1397 -0.114159 0.429297
144.000326976 -26.3508571641 38.9038 -0.168168 0.391656
145.728232763 -26.3125617279 37.9778 -0.223038 0.69418
148.406959661 -26.6868160191 38.1685 -0.225435 0.572866
299.617 -26.389 42 -0.314978 2.03965
302.669 -26.331 34.22 -0.000606723 1.66203
303.9 -25 42.5 -0.150244 1.42269
306.253068684 -26.1691142591 42.6623 -0.214767 0.831602
310.995 -25.3235234892 40.7054 0.523934 1.39984
20.3763557567 -28.8293426303 40.6251 0.680912 0.903249
21.82993396 -28.4361048926 39.6972 1.16225 0.768908
24.2971741373 -28.2494003139 37.0228 1.13133 0.326645
25.7124573799 -27.9026095097 36.9768 0.97987 0.493274
27.6671187406 -28.0715196197 38.4451 1.64335 0.688763
29.0891052894 -27.0191052894 40.5 2.01922 1.35404
31.658188615 -27.3604360674 33 0.95646 1.10104
116.435455394 -28.3475206149 30.1926 0.486909 1.03897
118.436414896 -28.1579903631 32.5322 0.453721 0.706078
120.372081342 -28.4716572105 36.6477 0.214276 0.889869
122.361473671 -28.6169207913 41.9345 0.0689396 0.914752
123.65 -28.2 39.7 0.120066 1.93069
125.19 -27.05 46.4 -0.1096 2.26447
134.233245937 -27.2489358994 46.1831 -0.285453 0.714399
135.580063958 -27.3179454596 41.3649 -0.229866 0.90635
140.9 -27.5 40.4 -0.385646 1.3499
142.045853897 -27.2306584486 34.2961 0.0519636 0.836088
143.853160615 -27.4526111272 38.4396 -0.159932 0.574686
145.780543938 -27.148346468 40.8405 -0.121149 1.40486
148.15 -28.95 40 -1.44516 1.83203
153 -28 33 -0.502495 0.963316
299.297 -27.639 39.6 -0.25303 1.92241
301.364 -27.569 43.6 -0.405287 2.1253
304.016355204 -28.0799638374 41.6319 -0.559926 1.14768
306.654923821 -28.39066859 41.2828 -0.0127834 0.993179
307.765391437 -27.2710163099 43.896 0.0126334 1.51521
310.490545015 -27.8719176225 38.3628 0.0709225 1.31766
18.1726894168 -29.6481482527 41.2009 0.722681 0.728368
19.7330509975 -29.4260064519 41.0056 0.886198 0.725081
22.4159192608 -30.2448125788 43.1958 0.746604 0.854095
23.7069892152 -30.0221604086 35.983 1.19782 0.701934
25.558612482 -29.9444894574 36.4806 1.58802 0.653023
116.63750851 -30.2057582 35.8484 0.131997 0.780671
118.35 -30.72 34.5 0.245476 1.67338
119.950593125 -30.0016496667 36.0634 0.26886 1.24175
121.914111771 -30.452077807 38.7143 0.0840565 0.381304
123.989279814 -30.9122449981 40.986 -0.68206 0.719899
125.320257509 -30.8348795369 38.5089 -0.0910855 1.32112
128.06 -30.78 44 -0.310841 2.14509
130.701082986 -30.2536435219 38.2803 -0.609012 0.67109
131.631855071 -30.3715345145 38.5936 -1.11685 0.676585
134.409994679 -30.2272577921 40.246 -0.159979 1.39257
148.2 -29 40 -0.184125 1.94463
301.935933063 -29.5745909687 41.1863 -0.319737 0.994907
304.165851961 -29.8640273093 42.1581 -0.325408 0.762873
306.53175982 -30.4657025098 37.8963 -0.0118946 1.30251
309.147 -29.3144708662 42.083 0.29645 1.45009
20.2303894789 -32.4041806346 41.5215 0.896317 1.02474
21.6621227107 -32.2612076571 41.8426 0.751393 0.645221
116.127416428 -31.8754552213 40.4849 0.203887 0.669535
117.930672727 -32.0321239078 36.6363 0.169164 0.518954
120.070215804 -31.5408994542 37.4872 0.274487 0.702579
122.071066902 -31.8153939729 39.1741 0.0207807 0.367408
124.097136289 -31.9674849507 39.8531 -0.123701 0.400822
125.227134845 -31.259672433 40.0331 -0.175513 0.871829
135.220180364 -31.5608043516 45.8462 -0.356309 1.29746
141.3 -32.2255471363 36.49 0.533943 1.06377
148.301524507 -32.8968403447 33.7903 0.378754 0.824894
149.5 -32.88 39 0.511718 1.89806
302.392 -31.082 46.3 -0.482371 2.26339
304.063 -31.683 47 -0.429559 2.29915
306.373100556 -31.759192805 37.6113 0.0156225 1.29244
19.6895319827 -34.0529974603 35.6546 0.277223 1.22697
22.0730486286 -33.4115481154 39.3308 0.272032 0.643068
24.62 -33.5 40 0.17017 1.9478
26.51 -33.31 35.5 0.415863 1.72086
116.012715335 -33.8353830573 38.6305 0.45596 0.784268
117.9 -35 32.6 0.0280934 1.581
120.79654 -33.6511 43.7 -0.330261 2.1333
122.077609816 -33.3905791865 39.4261 -0.137258 0.608232
123.367936685 -33.6048964635 36.595 -0.0888446 1.02495
142 -34.2872645915 30.6 0.15903 0.894375
144.478656166 -34.0107849915 35.8967 -0.109925 0.539738
146.436509514 -33.882651496 37.6541 -0.0249371 1.05529
148.175227378 -34.0973030354 38.1177 0.180931 0.619403
149.980988668 -34.1919030185 40.1892 0.747181 0.47362
151.185409946 -33.840962077 28.9461 0.579855 0.618928
292.56 -33.5973592382 40 -0.753769 1.33372
148.047519845 -35.9428581515 41.9056 0.328274 0.472321
149.192114692 -35.5532860311 43.5923 0.0932121 0.774664
144.2113518 -37.9888143709 31.4216 -0.139356 0.632583
145.658001901 -38.2500190098 29.3398 0.49407 1.02881
148.83 -37.63 37.7 -0.0482165 1.83252
149.16 -37.05 37.6 0.550573 1.82512
298.021 -38.057 41 0.14307 1.99758
143.98 -39.64 30.5 0.146104 1.48107
145.613978726 -40.2502660476 26.0209 0.627442 0.908946
147.820896639 -39.9557179528 32.6482 0.0173591 1.11956
145.081275692 -41.6124828722 23.8 0.209448 0.716642
147.145895079 -42.0068531087 30.148 -0.111612 0.54918
290 -52.06 31.1 0.970786 0.911611
291.5 -67.3 36 0.460035 1.74653
353 -70.5 33.3995 -0.0660683 1.1458
