297.65 82.5033 29 -0.0935571 0.969876
18.73 80.17 31.8 0.250868 1.1628
19.8063696141 80.3 31.9 0.461693 0.932128
47.376292 80.768692 31 0.563343 1.03448
273.5842 80.0533 34 -0.510593 1.13304
11.9229252497 78.9241552776 26.2126 0.592004 0.481145
15.5619493869 78.369710359 33.1065 0.674704 0.346626
16.7862581097 78.007612227 33.8739 0.490845 0.832266
243.693609912 77.0191702641 38.18 -1.50762 1.11249
247.731884515 77.819130709 36 -1.22324 1.05106
263.5 78.4 38 0.421681 1.10681
18.99 74.502 28 0.325508 1.36534
240.732615373 76.2552749563 34.8087 -0.794995 0.764231
245.562160773 75.9741372242 38.8297 -1.39571 0.882525
249.199635003 75.2264866019 35.1425 -0.761204 0.724189
251 76.4 38 0.4716 1.10759
265.1 74.687 35 -0.12882 1.16477
25.1060976765 70.8506195687 43.568 -0.350999 0.733636
69.9679500022 72.5807700013 42 -0.547363 1.22276
74.8161110545 71.3319705992 38.6135 -0.0340391 0.878474
76.5 70.9 40.13 -0.326385 1.95178
86.8 70.8 41.2 -0.798712 1.19985
94 72 42.1 -0.267851 1.22745
99.5 73.3 42.2 0.147992 1.23098
114.625521674 71.5 33.75 0.557769 0.985311
125.71565305 71 42.222 0.693089 0.874074
203.383 71.322 28.5 0.269191 1.38798
242.1942 70.7631 45 -1.19524 1.50655
280.623448403 71.329530228 42 0.487926 0.993306
303.86 72.79 33.5063 -0.788362 0.924514
333.6 71.5 39 -0.11333 1.89433
334.882 72.88 25.7 0.641607 1.25762
13.1385248581 67.9735722351 21.2708 1.34789 0.454704
14.152928486 68.4953872038 25.1447 1.03581 0.431635
18.9443614871 69.1167060187 39.8253 -0.0731588 1.12003
21.7056789078 68.236837695 41.0372 0.267613 0.47233
23.8562435295 69.0466198877 45.8276 0.150957 0.331819
27.208403444 69.1087244887 44.7528 0.201386 0.428074
30.6386403604 68.9142806272 42.7443 0.0925289 0.296492
32.8123545824 68.591322352 43.0355 0.165427 0.36815
35.2174299299 67.6602734402 39.732 0.362289 0.579331
51.081745715 68.1 41.3817 -0.183349 0.851894
53.1 68.1679205437 41.6 -0.567605 1.2108
56.9977205664 68.4224044153 39.8305 -0.44761 0.669408
60.3 68.6 41 -0.0681453 1.19456
73.3191898709 68.5808101291 36.25 -0.187225 1.05366
75.6014090028 68.8577254766 37.2903 0.0507765 0.543033
78.4128087626 70.2679780934 39.25 -0.38879 1.14321
80.5921593987 69.5602408341 42.9447 -0.234752 0.885087
83.8205901245 68.4998300965 42.5923 -0.250286 0.469967
87.3475067402 70.0058555742 43.4462 -0.184305 0.732046
89.0226403364 69.3383698567 44.234 -0.0850738 0.917221
110.4 68.1 46.6 -0.118275 1.36172
115.7 69.2 40.5 -0.268951 1.18021
118.5 69.6679745632 42.3 -0.393094 1.23217
193.21 68.35 32.22 -0.756843 1.17769
193.89 68.87 31.11 -0.174019 1.13936
196.98 69.73 27.78 -0.196387 1.0272
200.413 69.105 39.8 0.177031 1.93042
203.387 68.713 38.8 0.145426 1.88583
210.557495341 69.4516071383 37.9223 0.116175 0.776729
215.57750388 69.798986567 34.69 0.0664744 1.19536
266.906130838 69.2697884188 33.2699 0.0032457 0.714125
269.938267638 68.0898661808 35.7022 0.0868145 0.980345
276.239460447 69.0194508275 39.7379 0.105902 0.631426
278.238765996 69.5751144597 39.3102 -0.000505152 0.661293
287.80035601 68.6367411209 44.1453 -0.0897541 0.744961
291.41291 70.47433 34 0.257956 1.13185
11.9692160578 64.5302613141 35.3157 0.0757583 0.992617
15.7628452388 65.6583629365 41.6115 0.301608 0.791225
18.0322083692 65.0664485367 41.5629 0.142035 0.525119
21.0445731132 66.2277516576 44.4015 -0.113255 0.523869
23.7872465563 66.4532596085 41.5157 -0.454665 0.924776
26.7971740798 66.0901169215 46.7236 -0.395005 1.61454
30.2468887463 66.2518241177 46.0502 0.254031 0.455701
33.0445498297 65.1123199283 37.8219 0.0727289 0.635893
36.1863016458 66.9763525764 36.7734 0.522662 0.437686
39.1353779716 66.598160364 36.359 0.494513 0.749721
42.5444052304 66.0435587796 35.6461 0.283369 0.599869
45.152797724 65.6757501054 30.5304 0.824279 0.447308
48.0632296832 65.2081549975 34.1391 -0.0610492 0.574165
50.6672607713 65.4855019755 38.1521 -0.327915 0.785151
53.7127927553 65.2 35.7 -0.107072 1.04072
56.8293006457 65.1696026768 40.0331 -0.650966 0.672315
59.7657887275 66.3008414928 40.1538 -0.632488 0.826171
62.4256415741 67.1192311806 40 -0.703046 1.16357
72.5 64.6 42.5 0.280137 1.23942
75.7 65.7 40.8 0.733086 1.19244
78.053867905 65.9277075335 33.217 0.563845 0.692171
80.1123897037 66.8157077222 45.6754 -0.00842421 0.949609
83.1 66.5 40.7 -0.0186834 1.18459
86.8262175526 67.031734145 46.0274 -0.280644 0.673336
90.0922476437 65.3533165175 44.3325 0.255383 0.579427
92 67 49.6 -0.457189 1.45458
100.6 64.967823267 43.3 -0.136295 1.26006
110.6 66.1 47.8 -0.166475 1.39845
113.4 65.8 46.85 0.136459 1.37308
116.5 65.5 46.4 0.12078 1.35752
120.393541351 65.5049587147 36.8468 0.0106823 0.620077
192.073 65.56 30.2 0.186899 1.46739
194.854322955 65.2025218438 31.3566 0.267166 0.762
198.385172829 65.5318786545 29.9833 0.280492 0.729102
201.328640244 65.7567805515 34.4992 0.179347 0.838803
203.677962546 65.5096129395 31.874 0.253609 0.773686
207.33550857 65.6932097429 30.7416 0.366899 0.865418
210.391953817 65.3744982105 30.636 0.217717 0.535468
212.574033404 65.1500911927 31.0501 0.41758 0.386201
215.672060342 65.7626988911 31.1522 0.533639 0.621196
218.718970631 66.1279175685 32.1351 0.70347 0.784527
221.69186035 65.3604650874 34.8895 0.672044 1.19791
233.29 65.29 27.75 0.550949 1.35207
266.941882751 66.8345040435 38.8304 0.303871 0.755039
268.921722554 65.2147225544 36.3677 0.202181 0.998536
273.62906738 66.6531347591 37.8369 -0.0138786 1.03873
275.885323238 64.5767778158 37.7354 0.227167 1.03534
287.565775946 64.6633340681 43.8025 0.184368 1.21053
294.288326223 66.1433399363 35.0018 0.426042 0.96244
295.55194 65.68613 34 0.593 1.13144
322.55 65.62 34 -0.0877492 1.16562
336.524691969 65.8161910731 29.2884 0.485418 0.474867
338.66240408 64.869421987 27.1461 0.583321 0.123915
342.923689391 65.561429728 24.1807 1.20047 0.0590933
343.890592599 65.6004093682 26.4362 0.915955 0.109243
6.55299778576 62.2307365722 35.7025 0.122944 0.424426
8.7690944525 62.3333402834 36.7892 0.692854 0.219586
11.7930587698 62.836071775 41.5197 0.274822 0.490319
14.8330676647 63.4183616121 40.3987 -0.0434888 0.582353
17.8767077779 62.9735406689 44.9946 -0.236616 0.503304
20.4494635238 63.9521079607 36.211 0.583687 0.496935
23.9718114114 62.6771392824 42.4541 -0.212959 0.703164
26.5220911905 63.3422592031 45.2092 -0.379472 0.739894
30.0636966182 62.5673084448 39.1272 0.168444 0.543891
32.5433628421 62.9812853877 39.7023 -0.326255 0.751272
36.2 63.2 40.8 0.425219 1.18832
38.769797739 62.9679634628 38.0543 0.237901 0.78868
44.3 62.3 38.5 0.257047 1.12112
48.0293534543 61.6919571418 39.7759 -0.127384 0.818634
51.2826261073 62.8646568591 39.8175 -0.359018 0.819717
54.0907230548 64.2057525186 41.5328 -1.1593 0.855635
63.1782398569 63.6365267156 41.3224 0.262349 0.852587
66.3016819087 62.6903777136 37.1006 0.157387 0.623627
69.1036898687 62.9905939742 38.7706 0.0658724 0.798404
71.5167627103 62.0233150661 39.0476 -0.131278 0.804132
75.1500648904 62.3090387515 39.2521 -0.000147841 0.572187
84.6 63.3 32.6 0.199745 0.951013
93.2030112518 63.427622397 43.3703 0.227024 0.533462
95.3640829626 62.8507091614 41.3391 0.143197 0.577137
99.2 64.2678411613 42.5 0.0583124 1.23772
102.7 64.2 44.6 -0.0378839 1.30068
109.8 63.7 43.7 -0.263666 1.27598
114.467923244 63.2 42.05 -0.0436547 1.22514
116.8 62.9 41.1 -0.213618 1.19841
120.6 62.3 40.7 -0.339979 1.18481
123.067843609 61.7678436095 44.8 -0.148426 1.31063
128 63.2 38.8 0.0863461 1.12962
191.018639562 63.3 23.3 0.116083 0.705702
195.895386156 62.3412859375 30.8 0.135256 1.05724
198.908043163 62.7782214428 31.7712 0.196329 0.772194
201.229088444 62.5104138848 32.7015 0.156513 0.793671
203.982144283 62.9992569584 34.129 0.254124 0.828719
206.856176504 63.7108765267 31.7245 0.335121 0.770542
209.013 64.1 33 0.213733 1.60174
212.270347135 63.8873386718 29.8272 0.528241 0.846698
215.276722638 62.4265194231 35.9586 1.11052 0.602395
218.76044554 62.5617689053 31.3638 0.993095 0.577169
222.081668171 63.5054217838 32.3733 0.994194 0.527273
224.11 63.6 33.25 0.595573 1.61207
226.65 62.23 33.5 0.934363 1.62409
241.5 63.5 30.6 0.398672 1.48558
241.55 63.5 30.6 -0.627035 1.12529
245.184301276 62.5441312541 33.3515 -0.454427 0.834787
263.997267359 64.3186658017 35.7016 0.0632608 0.981264
268.048288243 63.0694950496 38.7405 0.16718 0.651285
268.791926128 63.2501141655 39.8029 0.231627 1.09719
275.864310612 64.0016184126 36.1337 -0.120485 0.702822
278.924605616 62.5777488006 36.6239 0.0711217 0.712099
282.47280036 63.3129740062 37.4447 0.112485 0.594212
288.0517 61.5849 48.6 -0.525088 2.38936
291.270483062 63.6245011718 44.5565 -0.211362 0.808892
293.246888802 64.1601658057 44 1.0737 1.04376
308.26 64.18 36.3027 -1.63832 1.2153
337.4 63.8695353339 15.1 2.17097 0.492513
338.594760883 63.9858311289 18.6232 1.77704 0.202222
342.276411852 63.9885836355 28.2894 0.825165 0.118641
344.397895063 64.3639618117 29.0216 0.706176 0.392192
353.236677981 61.9995091927 29.3056 0.294368 0.806837
-1.18186865966 60.1539104179 29.2327 0.200646 0.806818
6.2277891033 60.4028549566 32.9842 0.42919 0.147942
9.10540502339 60.2292958762 35.8585 0.437434 0.180098
11.6563998479 60.2715210875 36.2085 0.230016 0.229742
14.8740183579 60.1051545695 42.4844 -0.0620433 0.506734
17.0939994209 60.2863126565 45.4206 -0.499868 0.478044
19.99 60.18 39.5808 -0.318023 1.35813
23.1103068569 60.4102083365 37.672 -0.54711 0.586773
30.317 59.767 48 -0.565611 2.34882
36.2678947376 58.5 42 -0.20684 1.22263
39.2119768489 59.5036829222 42.2653 -0.296201 0.616228
40.8317348745 58.7002243323 41.0188 0.127768 0.690137
45.0807940299 59.6207693514 38.923 -0.448142 0.654445
47.4679266936 60.9743413549 38.04 -0.249636 1.10552
51.2 61 40.3 0.0857267 1.17337
54.6 60.2 42.2 0.463665 1.23157
61.0412397482 58.9874853545 43.5362 -0.456712 0.897049
63.5 60.6 39.6 0.431263 1.15431
72.7172534933 60.326791695 37.4816 0.0550519 0.63385
75.1020295627 61.0176826835 37.4992 0.0441789 0.772882
77.3620388794 60.3244447163 39.3241 -0.025717 0.661576
81.0291449397 59.001900923 37.3264 -0.133532 0.543495
84 58.6 37.5 0.0630682 1.09301
87.4807116369 58.5257178175 46.7 -1.35134 1.36751
96.5041474624 61.1790168698 42.4983 -0.0645785 0.715105
98.7399324167 59.6544549252 41.6615 -0.0654734 0.542826
104.590313566 60.9 43.447 -0.109705 0.896118
108.5 60.8 40.1 -0.0316881 1.16686
110.2 60.7 39.6 0.0839001 1.15294
113.8 60.4 41.6 -0.265441 1.21155
116.499409973 59.8095736584 43.1548 -0.153435 1.07963
159.9 58.7 31 0.261919 1.50698
193.799 60.385 35.6 -0.142759 1.72586
198.32147381 60.4427268496 32.3943 0.0720782 0.705296
201.099841205 60.1246330358 33.9352 0.200229 0.824411
204.130157883 60.1648947951 33.575 0.101916 0.498212
206.538755399 60.1445160666 35.5836 0.283034 0.775876
209.505072515 60.3983631722 38.6116 0.271954 0.639166
212.551659752 61.2228072606 44.3555 1.40535 0.707181
215.309559909 60.9381382215 33.5569 0.972522 0.258519
218.725715675 60.4981918981 38.5275 1.00948 0.502159
221.854242627 60.6552764135 34.1729 0.850946 0.63028
224.621637121 60.2026148726 34.8202 0.705737 0.607775
228.130241079 60.0880645621 32.5565 1.04726 0.915525
231.49035881 60.0594456481 33.7618 0.691872 0.561212
232.899558498 59.6624441628 34.8375 0.438226 0.870861
237.1 58.8 41.2 0.196021 1.19853
249.225509404 60.6191320531 34.5 -0.711669 1.00667
265.921816685 59.9623545584 40.9642 -0.281643 0.798312
290.0088 60.022 41.8019 -0.33855 1.45154
294.069510331 58.6940258263 37.5649 0.230176 1.25174
356.211625216 58.6449593356 27.1286 0.664515 0.497162
7.04936346644 58.2839137341 32.5363 0.122579 0.460423
9.18045895933 56.5755604046 30.9102 0.175028 0.170146
12.1442080283 56.7186837498 37.7529 -0.165295 0.256369
14.8830484273 56.7764659339 40.4796 -0.15825 0.288402
16.6482336763 57.2240141854 46.0925 -0.532691 1.12945
21.8671326627 55.9466808844 44.2338 -0.511278 0.697292
23.6328949285 55.63516044 46.3595 -0.465398 1.13559
26.9215216114 58.3499104344 44.9111 -0.45611 0.830023
36.188573167 57.4727026493 34.3107 0.121472 0.509917
42.236582176 57.6912452699 43.5947 -0.650484 0.520007
44.1667020775 56.8000038731 49.1 -0.483183 0.831635
57 56.7 39.5 -0.0527791 1.14973
58.56 56.43 39 -0.0257748 1.89277
63.3 57.4 40.8 -0.154542 1.18681
66 56.3 39.8 -0.249198 1.15806
69.607826254 55.8434781217 35.487 -0.0772508 0.730469
70.8 57.3 41.2 0.297567 1.19984
83.6699243024 57.8587679812 37.8096 -0.310582 0.493769
86.757894284 56.177271481 42.035 0.102446 0.713489
100.2 58.1 38 -0.232213 1.10624
101.914687563 56.5966737715 41.2644 0.0155326 0.454661
105.261470672 55.9055387261 41.0919 0.224022 0.535889
107.558329162 56.032859448 41.1984 -0.124609 0.600556
111.030516982 55.9 46.0518 0.162827 0.777861
114.027378336 56.2842040341 42.5765 0.681768 0.417335
117.006012296 56.1913316922 45.9306 0.239715 0.566408
118.9 55.6 45.5 0.812886 1.32867
157 57.1 38 -0.161684 1.84342
159.689962893 55.9913954681 28.6021 0.924559 0.436829
161 55.7190388449 26.92 1.58717 0.561558
204.113 58.264 31.4 0.620908 1.527
205.816 56.559 30.6 0.217761 1.48464
225.615204 58.275799 28.5 0.67122 1.38626
229.151653801 55.9227398397 29.2934 1.2868 0.496876
229.97 58.44 33 0.910108 1.60098
240.715940608 56.328200606 38.809 0.669628 0.565126
242.882924436 56.4619826773 41.9793 0.551038 0.70839
256.15619744 56.9948127589 42.8934 -0.387524 0.511288
258.802666347 56.001487282 45.724 -0.776674 0.823487
272.348 55.987 40.9 -0.365255 1.994
281.233623318 57.3352577514 38.4996 -0.0658325 0.772441
293.7 55.7 36 0.298556 1.74689
297.252484856 56.4811274756 36.5798 0.262438 0.550966
298.5 56.4 33 0.602395 0.964639
354.867393851 57.4994482672 28.3404 0.59952 0.263566
356.152788677 57.0655902364 29.7314 0.719364 0.207954
-0.974263573229 53.0635099652 33.193 0.160651 0.463679
6.668 52.813 30.9 0.121801 1.5015
9.46493479349 53.5460017784 29.2743 0.11753 0.262386
12.257390734 54.1711412124 32.4036 0.0677548 0.385397
15.2749352646 53.6324032698 31.7776 0.160265 0.308653
17.8452820758 53.1532641793 38.5024 -0.327649 0.348289
21.0848535493 53.8231284154 41.6208 -0.313104 0.412008
23.4570419064 54.4404883133 43.6955 -0.400672 0.418819
26.7701185253 53.569988465 47.5957 -0.216413 0.848355
29.0718820337 52.7318227965 44.4868 -0.241014 0.847149
36.569 55.114 49 -0.487573 2.40204
39.5181115998 53.5099021275 48.0366 -1.05883 0.916487
41.1440751274 54.0110545173 45.4322 -0.717412 0.665045
51.7704951147 53.5519660383 36.7619 0.320742 0.338718
54.0017038072 53.5794897083 37.1836 0.323982 0.309279
55.6554509247 53.5124625686 40.1537 0.476767 0.836941
60.33 54.78 38 -0.235558 1.38159
63.0496647654 52.8595313844 42.078 -1.00483 0.708492
65.8 53.8 40.8 0.142924 1.18834
68.5091308367 54.7623851595 42.3273 -0.105511 0.713474
71.9253653007 53.4362604621 46.3915 -0.483336 0.959246
78.1871894462 55.2 36 0.146559 1.04824
83.4678905101 53.206421898 40 -0.960397 1.16422
86.981487631 53.0350440037 45.1804 -0.262665 0.660061
89.79341032 54.1420395537 47.1555 0.277813 0.56423
92.8503706862 54.1794730684 47.9985 0.0962835 0.702925
95.8227103577 54.8594316915 46.1392 0.586897 0.676013
99.1103232941 55.2730868108 43.6079 0.328307 0.734984
101.916935377 55.3955410737 41.114 0.268905 0.691389
104.468486865 53.1951619418 37.8792 0.295224 0.389766
109.367745642 53.4 45 -0.831563 1.31106
111.677737576 52.8947985642 42.77 1.5652 0.977062
113.458704716 55.0906593547 37.1616 0.563625 0.705389
122.53837417 54.5491396364 38.3694 0.352628 0.638928
126.310482877 53.9501559516 39.3052 0.0660177 0.549996
128.417918543 54.5970135761 43.0821 -0.0400498 0.888947
132.386005107 54.0125149418 39.0774 0.194489 0.569313
135.116811575 53.4959824381 38.7532 0.311173 0.563844
138.007239198 52.8175482348 34.5675 0.0974586 0.503399
157.2 52.7 35 0.269776 1.69894
158.143743949 53.6140466651 26.49 0.814769 0.479422
193.498 53.8465 41.6 -0.225618 2.0214
195.551744531 54.6641265433 28.0087 0.620195 0.475586
196.686772058 55.022533686 31.7214 0.153652 0.609602
199.5234 55.3493 38.5 -0.262619 1.86866
231.5 53.006380188 30.39 0.612546 0.88885
236.806395953 53.006395953 35.6 0.806016 1.03576
241.012450199 55.2938874265 37.6484 0.706699 0.633063
242.774953423 55.1240943328 41.8817 0.273026 0.610548
246.6503 53.223 38.6 0.45578 1.87713
252.649941264 54.8535874483 42.4982 -0.302388 0.875438
255.568429998 54.5245126483 42.8067 -0.386525 0.395805
258.404341149 54.1296470946 40.2635 -0.17615 0.348696
261.014131188 54.5871290374 45.1997 -0.759366 0.761439
270.174970797 53.0434823319 39.5867 0.151971 0.714575
275.521049358 53.8179235473 40.0196 -0.0364918 0.781276
282.245246824 53.7903848277 42.6037 -0.00592601 0.77577
287.877800078 52.9159161911 43.3658 0.614339 0.875253
292.24258727 53.8060907135 41.9331 0.515822 0.871538
293.14353718 53.4774432278 42.248 0.691882 1.17303
300.816785361 55.0923205431 38.0665 0.21725 1.28763
351.365253962 53.5496463253 30.6706 0.354496 0.239626
353.849687385 53.8278191808 29.8383 0.479877 0.273128
357.297312994 54.2003444211 31.9944 0.390882 0.213783
0.309440096769 51.5872881683 34.9244 0.591401 0.47973
4.36 50.79833 30.6 -0.0899814 1.02068
6.57548145871 50.4581644694 29.9133 0.612983 0.150087
9.16941270536 50.8540105545 27.9136 0.591375 0.113989
12.1024589339 50.5097749844 29.6492 0.608688 0.121657
15.0544499329 50.754677655 30.9619 0.433887 0.16404
17.8482708738 50.877220142 32.9003 0.232915 0.253007
20.826101262 50.8778091173 36.4347 0.0420108 0.351954
23.5393758068 50.1475767704 28.9797 0.71065 0.436416
27.9046458913 50.656219266 46.6628 0.0284163 0.595572
29.9387715223 51.4480421811 39.8232 -0.0630573 0.428045
32.5730333652 50.591119392 44.106 -0.0406604 0.433211
35.6338268167 50.1401362388 43.1838 -0.382461 0.894239
37.9768795542 50.3083485379 42.39 0.324008 0.621054
51.9054339244 51.6041822311 37.615 0.0185016 0.463402
53.574545907 51.2830091453 35.9933 0.100586 0.45568
67.9 51.8 44.2 -0.19284 1.2889
72.5678794269 50.0678794269 42.5 0.210107 0.876
75.1 51.5 48.7 -0.403721 1.43004
80.7519152759 50.9508208325 49.7995 -0.437769 1.03484
84.7091067633 52.3515177939 49.0272 -0.805925 1.01704
106.28716209 51.4064189551 40 0.805295 1.16385
107.895185427 51.827869245 37.6873 0.75764 0.436332
110.55126059 51.6115940319 42.9863 0.509702 0.65799
113.431024962 51.7712695377 37.5118 -0.349232 0.772483
117.44 49.55 35.05 0.583716 1.70128
120.98207222 51.1047193761 37.5316 0.589682 0.68942
124.035184114 50.2869631574 33.9353 0.388049 0.950779
126.649930637 50.7873996905 34.0078 0.208739 0.674749
128.915387786 51.3797678962 35.6036 -0.157342 0.599101
140.217736135 51.2987005853 33.3823 0.525815 0.564808
143 50.5 36.7 0.526656 1.06811
183.3158 51.8823 36.8 -0.070002 1.78528
185.8045 52.2027 43 -0.321941 2.0944
236.918450857 51.5796869735 30.1853 0.924771 0.424999
239.773738794 50.1817144867 32.2395 0.594163 0.314549
241.857519516 50.4482798191 34.9616 0.848451 0.559307
247.001131782 50.6769224247 44.4125 0.488714 0.749356
248.542022293 50.407291177 47.1569 0.170485 0.661561
251.519263521 50.1930934592 45.6813 0.277035 0.870901
255.56688052 50.3186896865 46.0471 0.451757 0.67465
258.343155927 50.0867337534 44.0114 -0.100596 0.414226
260 50.7683302883 40.4566 -0.285354 0.481664
264.125 50.2503 33.3518 0.227551 1.14367
269.647281782 51.1754485701 40.234 0.0396176 0.591168
276.478361169 49.7968266835 42.8353 0.598733 0.885784
280.2365 50.0244 39.9593 -0.053211 1.3779
282.538477417 50.5865422899 34.5317 0.138444 0.967161
285.006403542 50.6550588637 34.5327 0.258227 0.83788
287.916661967 51.2728203069 38.1486 0.157622 0.722876
290.625646324 50 41.8 0.66832 1.21966
293.28601587 50.5294381336 41.3601 0.129605 0.7739
297.1898 50.2872 38.6 -0.286196 1.87537
351.018739204 51.9192239452 31.1751 0.165619 0.350974
354.664033529 50.7058916919 28.331 0.473974 0.328842
356.745247381 51.2706498591 32.3877 0.244732 0.282693
3.86192358443 47.0360854915 30.8148 0.456612 0.375551
6.23875484144 48.0905202225 27.8073 0.709623 0.142963
8.76308944234 48.6937188321 25.3671 0.957245 0.10816
11.7005697047 48.8767318512 28.7557 0.761373 0.176498
14.8445867043 48.9010700958 35.0635 0.438101 0.234978
16.6521445715 49.305524626 33.8762 0.337519 0.949026
24.5128201836 49.2192302754 38.6 0.00868377 1.12411
27.6790827898 47.6918222867 38.7335 0.313056 0.585316
30.7948891921 48.4678105503 44.8338 0.32685 0.568193
32.6123553127 48.2480159296 44.791 0.622576 0.552947
36.2047759299 47.8633935589 41.5752 -0.0165858 0.266007
38.3516889796 48.496958664 44.0683 -0.0737601 0.528044
45.9872606617 47.1808909925 43.2 0.631397 1.26668
47.3932134843 47.6530283751 41.305 -1.27711 0.852025
51.2231760513 48.4054296894 35.6837 -0.724506 0.355168
54.4516850458 47.4349561071 38.0928 -0.0942893 0.44088
56.1136507908 48.2293521873 38.9348 -0.72446 0.657775
59.94 49.26 43 -0.215671 2.09985
72.5 47 43.3 -0.0232378 1.25883
75.3414310909 48.6177871 47.8239 0.154336 0.990946
86.5 48 45.9 -0.0425129 2.2441
105.048325371 47.8296086552 44.3469 0.726428 0.524635
108.109529519 47.2839432871 44.1114 0.953525 0.575195
109.8 46.9 42.4 0.725507 2.06645
117.191910698 48.4019882347 33.7045 0.582971 0.620658
120.316723915 47.7800040901 36.5862 0.698615 0.297921
123.039841911 47.5822353539 35.0706 0.29162 0.28657
125.983542128 47.4971836581 32.6337 0.229239 0.34037
129.036344862 47.4875138322 32.8865 0.293793 0.309217
131.671124107 47.2803622009 33.3642 0.114894 0.36599
134.161538024 48.1625494064 32.238 0.0767535 0.639857
137 47 30 2.08833 0.880582
142.251608755 46.8212664107 29.1469 0.438463 0.60654
237.879354763 48.1398617399 31.1949 0.63513 0.227829
240.162808005 47.7724691713 33.383 0.783778 0.203894
243.036101542 48.2984996296 33.0304 0.860822 0.233694
245.516442033 47.7089768068 35.2755 1.09552 0.496459
249.072953613 47.887316305 37.5622 1.01871 0.318888
252.001045875 47.6707272154 42.6579 0.441537 0.35918
255.036205171 48.2140732055 43.6919 0.326534 0.374029
257.932081674 48.1246073899 42.9642 0.196726 0.400066
261.162291222 47.5782378479 37.3323 0.273462 0.446225
264.006366083 47.6611822803 38.2614 0.0931407 0.467029
266.690618623 47.7931702882 39.8347 0.250328 0.394935
269.714159791 48.0603855996 41.6581 0.0114711 0.589273
272.42960256 47.8348936766 39.3076 0.372601 0.747123
276.898696912 48.4612785723 44.3544 0.78288 0.487687
278.847847163 47.7720472359 38.8439 0.465601 0.257546
281.660061178 47.8044799629 37.4777 0.15248 0.267277
284.393960565 46.8775696374 36.9589 0.307008 0.51106
288.22246125 47.4472704777 39.513 0.249219 0.48823
290.684470044 47.2143094712 37.3934 -0.0511055 0.383644
294.578637716 47.40727003 40.86 -0.0471876 1.03831
299.3255 46.8084 42.6 -0.0748375 2.07166
302.959962997 48.8199966459 35.4855 0.0909612 0.298278
304.986041184 48.6171415177 33.7511 0.306803 0.416812
357.448494752 48.5514951433 31.0463 0.519081 0.623629
1.04441850612 45.1817855822 28.2368 0.426507 0.432102
3.23972389553 45.3456081209 28.0508 0.963942 0.147933
4.91663157376 46.0860598982 29.7889 0.447332 0.725082
12.2128379242 44.6203492522 28.8884 0.383011 0.403956
24.3905525843 44.325263975 30.9186 0.281399 0.478138
27.7216395524 45.213602572 36.8666 0.111509 0.507502
28.6034227258 45.1361364732 31.6262 0.148656 0.605904
34.0296765521 45.2993946974 39.4984 0.46862 0.506453
34.6405102204 46.0171281561 40.9929 0.117581 0.489527
39.1011117125 45.2363112795 39.7687 -0.97591 0.819963
43.1 46.1 44.4 -0.743904 1.29338
45.6843124414 44.7491461129 41.459 0.0105563 0.429604
54.9390934532 45.0064541763 38.736 0.178816 0.418331
69.4856842432 45.1571228288 42.5644 -0.550516 0.877197
75.6375471425 44.5423800188 45.9568 -1.43715 0.951166
78.1780587056 45.5900482546 43.2604 -1.42614 0.895379
86.2 44.8 49.3 -0.305301 2.41988
90.73 46.49 45.48 0.911883 2.22578
105.74173797 45.70331893 43.9613 0.897118 0.678358
108.003629705 45.3641155703 42.4598 0.795032 0.552848
111.100081118 44.2145127645 40.5998 0.640216 0.570047
114.209649747 43.8514259673 38.0472 0.827505 0.557455
116.960165771 44.4763599343 38.0208 0.759758 0.247031
119.908243822 44.6275996137 35.5921 0.49268 0.2146
122.434370564 44.9378547031 33.2131 0.191046 0.307111
126.269512274 44.9599230057 30.7697 0.384287 0.217194
128.74726271 45.0831291477 33.683 0.381399 0.246181
131.171760956 45.3644465473 35.9764 0.147142 0.365577
134.753233154 44.5970119831 27.2718 0.927507 0.691806
136.768026126 45.5 34.5 0.410422 1.0045
237.80596354 44.7428582175 37.3037 0.769121 0.348914
240.053189603 44.6824489952 32.425 1.1212 0.136972
243.017474316 44.7971778316 30.8877 1.44187 0.160731
245.868194871 44.8979585863 35.2542 1.81399 0.203934
248.969692961 44.9371816211 39.6387 1.71539 0.234277
251.817156696 45.2359747488 41.7438 1.07824 0.27209
254.673935055 44.915145276 40.4933 0.928976 0.29741
257.760035251 45.0690614484 39.4088 0.51041 0.42341
260.854044162 45.0236327258 37.5619 0.296254 0.493694
263.877671431 44.8888531386 41.7166 0.0805474 0.43098
267.140387159 44.9692854046 42.3028 -0.180975 0.519954
270.319979856 45.1230999198 40.704 -0.0993978 0.363298
272.855055531 45.0878296654 36.8307 -0.0913684 0.451293
275.859328548 45.0097598232 36.7498 0.0684586 0.462673
279.232332707 45.1604349158 40.6854 -0.000540481 0.31063
282.075989265 45.1472020735 39.7837 0.17253 0.224439
285.148438536 44.7789599771 38.2771 0.15664 0.238546
287.97390374 44.7679838772 36.7558 0.331071 0.311586
290.908910928 45.0632717794 33.4098 0.158871 0.3158
292.590579848 44.7343880099 33.4676 -0.0105648 0.938633
296.408 44.6377 34.9 -0.0769222 1.69154
299.514333296 45.2551029092 37.4487 -0.571318 0.855255
0.147163014746 41.3745357766 30.3417 0.696635 0.325538
1.86713811015 41.8353216601 23.5055 0.983482 0.840398
6.232070233 43 25.729 0.29081 1.25818
9.14532952493 42.1315499867 30.4281 0.395007 0.408747
13.0839158811 43.4019735418 38.3991 0.168325 1.09156
15.1296324571 41.8326691456 30.4421 0.610603 0.315305
16.7631601159 40.9525721408 29.0568 0.519673 0.54511
23.4101642277 41.5771330764 34.5615 0.569009 0.754275
27.2128953247 41.0043907689 30.3519 0.339682 0.301752
29.57775185 40.9733440804 31.5492 0.236356 0.289788
33.4590189936 41.0726002133 34.7048 1.06233 0.366892
35.5985054027 41.0978917229 37.7925 0.597468 0.514678
45.9064208125 43.1 47.4 -0.0844859 1.38915
54.5855148908 41.9880659085 39.5054 -0.00792791 0.356216
56.3520159925 41.2587098646 35.2161 0.219202 0.414434
59.9681690504 41.7603466535 38.8401 0.26125 0.267537
66.6 43.2 40.7 -0.21557 1.18386
106.375 42.0045647319 41.8226 0.541338 1.43938
107.992100031 41.6996514125 43.2495 0.830672 0.249131
111.055283645 41.2264442505 42.5848 0.990666 0.288506
114.34460851 41.2067149291 40.902 0.962207 0.205817
116.923874054 41.6581533529 37.5765 0.786104 0.191687
120.016288698 42.1787916939 33.6584 0.406204 0.194111
123.121194745 42.1876036287 31.8082 0.208594 0.198276
125.78472405 42.3899272512 31.8211 0.503306 0.193334
128.733699122 42.8630235641 32.6571 0.662517 0.330647
130.5 43.0087706137 32.1353 0.444638 0.698632
237.954032482 42.3108843187 34.1259 1.41243 0.420982
240.344415286 42.434512763 31.4915 1.60241 0.160454
242.881302115 42.0823978103 32.4191 1.5312 0.148064
246.180664805 41.7583414167 32.3817 1.64056 0.215007
248.701689761 41.8553737977 35.6434 1.83611 0.210931
251.951876895 41.8660863742 40.8831 1.68255 0.28835
254.661139966 41.8026979787 43.2131 1.46689 0.31088
257.677399936 41.9764316753 41.5515 0.748243 0.408579
261.12277591 42.1436373156 42.9701 0.167562 0.56112
264.039474825 42.047712478 41.4652 0.0199826 0.422831
267.190288977 41.9239549095 40.2877 -0.0498625 0.337471
269.879345588 41.9982010755 40.1424 -0.0809858 0.347296
273.095918555 41.8818784216 38.1406 -0.014249 0.373745
275.835332698 42.1442700534 40.2254 -0.172143 0.359743
279.388365091 42.1984274228 40.9832 -0.0722165 0.43783
282.048255079 42.0316398299 39.9633 -0.18344 0.313092
285.370200362 42.0533642575 38.0415 -0.0782494 0.284562
287.90960559 42.1946424795 29.7526 0.341036 0.26213
289.947197 42.029499 28.25 0.278128 1.37625
351.74836131 41.7207330602 30.1688 0.545474 0.243522
353.788577642 41.9794190594 32.7747 0.735246 0.192267
356.500686986 41.7267565508 35.3463 0.683599 0.317369
358.5 41.8 33 0.449503 1.60055
0.0293537948623 39.3895701813 25.6358 1.01426 0.375111
3.11910223597 39.7303554285 23.3756 0.529452 0.455405
9.16314592399 39.6056811883 30.4527 0.375218 0.504651
15.8548423263 39.6266635801 31.8481 0.0328031 1.10134
17.7614275387 39.7838294304 32.5033 0.059973 0.705992
20.59 38.18 28 0.729214 1.36426
24.1366574413 38.7181443112 27.7866 0.497877 0.345988
27.1656449448 39.092600453 28.799 0.5072 0.182546
29.5176903631 39.1891721428 32.0683 0.852081 0.234714
32.9553184109 39.4181724433 35.9522 0.924382 0.332038
35.1701459496 39.6202535265 30.8398 1.36209 0.576802
54.5675772721 39.1040133309 36.6614 -0.311318 0.302087
57.4616115649 38.8965321347 43.6254 -0.307116 0.550587
59.3515921952 39.1314277215 39.0129 0.122054 0.276298
63.099964258 39.0536379757 43.516 0.162258 0.322976
64.8465555056 38.9074911698 46.1859 0.0913107 0.738064
108.097269497 38.9044139421 41.7866 0.93717 0.20389
111.366027715 39.1199018509 42.7756 0.865027 0.196777
114.157478079 39.1278803835 37.9592 0.545414 0.12324
116.822482931 39.4889243165 33.7354 0.0826767 0.135403
119.601265669 39.4687806088 32.9428 0.0925081 0.341484
122.95038063 39.7377765896 33.4444 0.0244498 0.513739
125.512491862 38.6637671027 29.7873 0.274113 0.837425
128.366855942 37.6433731518 32.273 0.463788 0.806814
237.85115532 38.6548164281 25.7756 0.727028 0.275257
240.040394285 38.775306232 31.7909 1.233 0.177911
243.032835711 39.3363089332 31.9174 1.70486 0.169726
246.158893762 39.0389484536 31.2473 1.77506 0.238594
248.498622605 39.0493790188 35.8581 1.75383 0.25106
251.902314195 38.909204134 44.5836 1.77161 0.294464
255.001500149 39.0487413371 43.3739 1.78402 0.318488
257.691548868 38.9223961547 43.5542 0.374705 0.353841
261.055175159 39.0302228112 40.1886 0.104502 0.394395
264.045652197 38.823706125 40.8881 -0.0230943 0.469827
267.096326808 39.1763282854 42.3553 -0.221971 0.307409
269.942270578 38.3956824288 43.356 -0.288363 0.234732
272.720199511 38.5074052326 42.5764 -0.181835 0.233603
275.747016677 39.112169961 41.1816 -0.0957084 0.37366
279.073651506 39.0698971211 42.3087 -0.0008032 0.462197
282.795059151 38.6043321496 30.788 0.269715 0.237326
284.252810089 39.3447207339 31.2854 0.162313 0.388902
351.673642576 38.955672416 29.3086 0.404798 0.197223
353.583886458 38.6856588463 30.2414 0.533425 0.20096
356.683066089 38.9960259001 31.3058 0.888259 0.251539
3.032 36.797 19.584 0.734189 0.556982
6.03978659433 34.8343049556 40.0797 -0.11312 0.784047
8.66019008628 35.0509291491 36.7919 0.0748747 0.687095
14.9002780926 36.9303128495 30.7912 0.314805 0.416709
21.93 37.18 32.8449 0.252696 0.92837
24.6526192885 35.5337895762 30.2529 0.564218 0.306302
26.8659149106 36.5358562613 26.5578 0.684334 0.259225
29.8964084771 36.9223863529 26.6005 1.27052 0.348745
33.2299795464 35.8257344136 30.353 0.696728 0.442511
35.1516000796 37.0463818596 30.8825 0.636617 0.471023
41.52 35.87 35.7 0.127837 1.7337
60.8474637025 37.3641778488 47.7721 0.0643587 0.989492
63.6743444209 37.4128277896 46.4 -0.433889 1.3575
108.445468648 36.0069858474 41.0033 0.830609 0.1771
111.182963471 36.0800282424 37.9343 0.678919 0.185788
113.96844713 36.2151674099 34.1843 0.400191 0.145895
117.013628321 36.1648489464 33.2945 0.097766 0.192906
119.507490454 35.8177097854 33.5215 0.0993176 0.265747
122.095130372 37.1275296225 31.007 0.13679 0.615186
126.913598248 36.7730108222 30.3645 0.234273 0.522001
128.846727466 35.9770648261 30.0576 0.389518 0.489107
133.350027377 35.3153269576 25.095 0.928273 0.876973
238.044333139 37.016189792 23.1583 0.973734 0.314063
239.772796716 36.2289523987 29.0001 1.02877 0.175841
242.998149297 35.8829286072 30.3043 1.14524 0.144249
245.621421662 35.9027316125 32.0422 1.03845 0.171572
249.188216333 35.5952646519 40.8177 1.29306 0.265422
251.979639527 35.7014321844 40.2791 1.61526 0.259967
254.784055138 35.8294922301 41.5578 1.62777 0.234716
257.885388566 35.9012520577 43.3092 0.682887 0.392669
261.243049358 35.4659186454 40.9449 0.258758 0.384176
264.186214313 35.724498267 39.5227 0.00873397 0.395645
267.283074954 35.8060558965 38.6821 -0.0216102 0.276736
270.088229876 36.1194404293 39.621 0.035376 0.194675
273.195076233 36.118867349 42.474 -0.241131 0.251471
275.737722601 36.0909007199 43.728 -0.067214 0.238677
279.042664495 35.7384073298 37.7242 0.0512988 0.351303
281.749544103 35.5682148892 32.8789 -0.0692513 0.275519
283.553596 36.331902 32 0.0453739 1.55442
351.683486942 37.2592034133 29.5507 0.380295 0.3376
353.777023004 37.1835849865 28.6045 0.299109 0.47356
3.0981 34.215 38.095 0.445737 1.04786
8.9068415386 33.927724387 33.1925 -0.185054 0.621877
12.3277707377 32.3333197539 31.1002 0.507118 0.508873
15.01 32.19 30.9 0.136546 1.50042
20.88 32.52 29.9351 0.490995 1.02865
35.7044577133 32.1937464317 32.7343 0.574233 0.360575
38.1351093337 32.4594233437 36.3023 0.577629 0.881078
43.2576 33.401 47 -0.896439 1.57703
45.3596954101 31.9704899582 45.8767 -1.07458 0.889097
114.827633885 33.1683790424 33.3815 0.170114 0.581239
117.168088756 32.5706990962 33.7266 -0.0381505 0.214929
119.318492488 32.4056702214 30.7863 0.14778 0.288966
126.5575 34.1569 32.5 0.0244786 1.57611
240.873616684 33.9855540007 27.8036 0.450602 0.301466
242.925630962 33.5663546656 29.3946 0.997758 0.111554
245.981780779 33.3433658917 25.7097 0.869475 0.189798
248.837249472 33.2929538187 30.214 1.26182 0.17391
252.224234035 33.0731786384 31.8927 1.57064 0.175293
254.842676778 33.0275046643 41.236 1.01636 0.278254
257.561284585 32.9645366054 43.5256 0.52267 0.409398
260.850171063 32.9627522491 41.0613 0.0665518 0.486286
264.111672991 32.8684071451 29.9476 0.405101 0.353543
266.611672768 33.3051648612 29.0426 0.296799 0.201573
269.935932133 32.8114366138 33.2101 0.124512 0.328504
273.051734086 33.3312716842 39.8306 -0.262008 0.40174
276.436106216 33.1018011722 38.4506 0.0268238 0.299346
279.073557343 33.4195126598 31.184 0.219084 0.235179
281.097735449 33.8013694648 32.3612 0.0263439 0.785656
351.809114806 32.6731594287 36.4795 0.0721722 0.673405
354.28656996 33.2053873496 34.7459 0.859209 0.21313
355.636623357 32.2930340245 33.5387 1.13642 0.473072
15.4968085091 30.0855699649 29.8751 0.458622 0.844544
20.5614373719 29.9336534808 26.0573 0.517685 0.90377
25.3338758103 30.367673442 35.5 -0.102366 1.21792
29.022065096 30.029278469 33.4663 -0.359548 0.744752
33.7416409646 30.6185518814 27.1625 0.804629 0.399341
35.390874186 30.0985530654 32.8242 0.6544 0.16479
37.59 28.65 35.337 0.762874 0.970579
46.2199 31.0514 44 -0.821707 1.47285
47.6171587613 30.32610974 47.4891 -1.37062 1.12927
111.746132208 29.0245920051 37.4858 -0.0873617 0.493277
114.18797365 29.9920545253 33.4674 0.108827 0.240842
116.574760091 30.1427540724 34.4671 0.0640809 0.160088
119.907231443 30.1120791034 32.3603 0.174125 0.163444
121.885736834 30.2324365684 31.0634 0.112167 0.533506
243.941429535 30.8484304649 32.9924 0.0695311 1.13272
244.606329848 30.4423300534 34.4235 1.03303 0.965493
248.960589483 30.2394950246 26.7875 1.09068 0.540745
251.059616073 31.2521936834 30.8713 1.42883 0.530489
255.877886039 30.0920959595 37.7065 0.99332 0.40127
257.587952918 30.4094218261 39.7526 0.52441 0.414173
261.12565759 29.9092079865 35.1077 0.25152 0.36956
263.641017803 30.1062243769 31.7892 -0.100029 0.36222
266.237101622 30.3553003262 32.1859 0.0241512 0.458281
270.412792587 30.9513581342 37.1666 -0.00134638 0.766555
273.301618145 31.1818015244 33.3256 0.0316067 0.725283
276.229002523 30.6207781324 37.0276 -0.15975 0.45126
278.246172825 30.1536847162 34.8477 -0.0915185 0.535879
351.067146349 30.2159831117 30.692 0.911994 0.25555
353.346588341 30.6337932631 32.4276 1.20805 0.274742
355.898699179 31.2605230756 34.5411 0.66185 0.838439
14.45 26.08 30.44 0.604084 1.4771
28.3104 27.1484 38 -0.179325 1.84481
30.9175 27.6821 38 -0.153616 1.844
33.8544406984 27.1376548882 28.2661 0.77291 0.495847
35.8424851942 27.7569385156 29.3608 0.729107 0.30406
39.2607036256 25.7897858531 31.3964 1.02685 0.626742
42.5541928002 26.1981549452 36.7105 0.605791 0.515296
44.34 27.5 45.6 0.458031 1.26121
48.6581955579 27.0329071567 45.7075 -0.693999 0.893816
109.297447547 26.2554152814 39.5812 0.313668 0.681794
111.418612654 27.1564595403 35.2896 0.213494 0.262224
113.96638493 26.9232313608 31.4455 0.316457 0.209689
117.050303524 26.7759778931 32.1696 0.44111 0.18347
119.603711838 27.1397378404 31.9273 0.366083 0.173506
246.56757622 27.6487450962 26.7029 0.559551 0.658343
248.175051401 26.6711214862 21.8371 0.900337 0.484102
250.769158408 26.9156605307 25.0243 0.739083 0.866836
254.336 26.9368 39.9 1.45665 1.93739
260.989521768 27.7916418691 31.3812 0.244036 0.624519
278.731640696 27.4103770154 35.6508 -0.129364 0.44834
5.53 22.79 38 1.13267 1.84686
23.13 24.1 36 0.222302 1.74701
28.9546 24.3195 35.5 0.16656 1.72166
32.9074042427 23.6124933216 37.2859 0.0300217 0.576528
36.4803257586 25.221542813 26.6318 1.00513 0.578808
38.7039924779 24.6236698865 34.1106 1.23495 0.192394
42.8050802678 24.1797513466 35.7496 0.817811 0.60924
45.0349078423 23.5388935021 39.9922 0.667913 0.45801
46.6354148812 24.7154548263 44.3226 0.157886 1.08217
50.6131503559 24.5789133167 39.4233 -0.344644 0.602377
54.3082314876 23.8062169571 32.1354 0.133618 0.418132
69.9029212282 23.3615708742 36.8117 -0.111735 0.37765
71.3041950489 23.5344020737 38.6514 -0.169304 0.54608
73.85 23.29 33 0.111858 1.59983
78.9625073421 23.4237128197 39.7923 0.146377 0.355531
80.1057449103 22.9325700647 41.3247 -0.0436362 0.51415
88.2 22.7 36 -0.264222 1.04875
88.5 22.7 32 -1.27267 0.942235
108.988567542 23.5497854286 30.7905 0.329664 0.419387
110.828022369 23.7810644113 30.1277 0.366381 0.229584
114.008716375 23.7619672811 29.4075 0.41808 0.154413
117.146290292 24.3328628253 30.2943 0.38834 0.168447
118.972901139 25.2009518838 29.4282 0.285207 0.320098
249.732332062 23.7497262625 26.4638 0.692907 0.493291
252.26067 24.73088 20.3 1.0021 1.01279
255.882178198 23.8838563446 43.35 1.24051 0.89195
257.433 22.7692 40 2.05596 1.94525
260.5344 24.8982 27 0.694594 1.31706
276.985855882 22.7815540442 25.795 0.966748 0.57308
278.947701 24.726601 35.75 -0.171403 1.73418
343.998850827 22.6572788585 27.3182 0.489436 0.769029
40.0571405796 21.1550274031 29.7106 1.24362 0.290752
42.5004661939 20.5292547674 38.4057 1.20338 0.3531
43.9949172986 21.4855788608 37.9769 1.01268 0.834613
51 20 42.5 -0.290499 1.41916
57.5881844866 22.2491173038 37.9444 -0.0133298 0.696174
59.1186372182 21.8814038819 34.053 0.0760002 1.16936
69.594556814 22.0212245899 40.6279 -0.33672 1.14687
72.1854097876 21.2839039816 34.7641 0.0220491 0.564839
74.1894667189 20.354064866 36.4242 0.347222 0.443597
78.791305006 20.6133548987 36.6953 0.205012 0.461252
109.017358049 21.807463239 28.6601 0.32022 0.387443
110.989214303 21.3912773436 28.0416 0.383075 0.22206
113.181428112 22.1247478785 27.8803 0.384354 0.363407
255.4793 21.0538 33.4 1.17985 1.62088
258.7729 19.6468 30.9 2.18922 1.50212
261.215267293 20.477878861 36.6041 1.44941 0.303404
262.748047707 19.7196303202 41.7207 1.61437 0.770242
271.4 19.7262 27.3 0.405327 1.33144
271.723809017 20.2261909835 24.2254 0.67443 0.850045
288.8673 21.51149 30.5 -0.1786 1.48185
344.540958848 22.3668417161 28.4833 0.486632 0.979992
42.3700847644 18.7011747901 39.8818 1.48587 0.414974
43.5405484711 17.7046667856 44.825 1.7777 0.885627
54.0800374013 17.2553563218 30.5353 0.650614 0.399225
55.62 18.02 34 0.194049 1.65055
73.3 19.16 36 -0.107304 1.74748
74.5132890782 17.9798479719 37.4898 0.399263 0.525029
78.0163808042 17.806766068 33.7072 0.557347 0.257097
79.944646413 17.3494215422 35.8807 -0.0129332 0.877166
83.3132935404 17.7088623603 32.3395 0.054631 1.11196
101.903983836 17.4037364673 37.0418 0.218561 0.735548
105.553096017 18.4982819698 29.7409 0.251094 0.594814
109.171538991 18.9084298547 30.3924 0.368256 0.467051
110.097159407 19.0407354101 30.0734 0.360971 0.391804
260.841305653 18.1974262972 37.1863 1.21345 0.262601
264.019703283 18.0179907583 33.8916 0.695172 0.203568
266.069842216 17.5583463111 26.3507 0.782855 0.918005
268.8134 18.967 31.7 0.0542619 1.53789
32.5551658016 15.5751650434 34.5344 0.302114 0.969208
40.2252978146 13.6396862023 19.7445 2.04607 0.541543
43.2385155725 14.8829279226 24.4505 0.76989 0.492473
44.3558135317 14.5475979343 33.1031 1.81244 0.447029
73.5 16.05 43.8118 -0.429341 1.23483
75.1631981031 14.9507346665 39.6071 0.250768 0.29883
78.0652847462 14.8289984795 36.0139 0.33999 0.267522
80.1770873562 15.9205506083 35.7941 -0.0780622 0.718618
101.320951921 14.3150961572 34.5154 0.234675 1.18402
108.297175449 15.2023230203 28.7459 0.308227 0.988427
264.99 16.45 35.4667 -0.129629 1.71878
267.8632 16.2818 33 1.72065 1.60129
274.147 13.574 36 0.347802 1.74488
343.04 14.39 26.3 0.452506 1.28392
355.99 14.5 42.6 -0.142448 2.07378
1.7 13.14 41 -0.144863 1.98881
8.12 10.99 33.25 0.642893 1.61058
14.37 10.62 33 0.381735 1.60092
37.4236473005 12.1251804586 41.1961 1.61435 1.41921
39.8888946317 12.1447872753 26.3442 1.83645 0.278724
41.2011032716 12.1807385919 23.8208 1.20134 0.231986
44.6947913323 13.0501532188 23.1753 1.25433 0.663862
53.7053234644 12.5656214387 22.5658 1.00237 0.225681
75.8942694167 12.5991836332 42.0462 0.318594 0.364281
77.4046638637 12.2808929227 39.3911 0.441262 0.219639
80.25 13.07 38.8 -0.29226 1.88451
102.352741589 12.7440646028 32.5847 0.290861 1.13198
108.789300644 12.2015558421 31.9043 0.821265 0.696235
273.618928881 12.5411575435 32.1142 0.374827 0.382205
275.303821622 11.493228026 33.3549 0.0668838 0.573497
4.5334 7.5334 35.0635 0.275851 0.962361
8.23273532611 10.3054760708 35.5306 0.716891 0.693398
13.3219176334 8.98491083855 27.5744 0.741469 0.954059
13.7772996229 8.74440602622 24.4781 1.04518 0.442641
29.2333444225 10.1430618363 40.1858 0.961011 1.30884
36.5814341188 8.51297574401 36.8087 1.67581 0.897481
39.4922378623 8.83874940295 34.649 1.69687 0.191571
41.1269432283 9.78616479927 31.1798 1.56584 0.431018
77.0639458373 9.12222989429 37.8123 0.317352 0.347199
80.543 8.396 36.8808 -0.112852 1.26564
284.490836912 9.11477008563 28.3787 0.47578 0.999065
291.959 8.943 42.3 -0.340096 2.05852
293.693231086 9.05139319899 40.0046 -0.198196 0.541509
296.396654465 8.47850863827 39.9147 -0.243084 0.306812
-0.186942976732 6.18309137472 41.4225 -0.00805174 0.44667
7.42 6.87 28.5 0.683915 1.38658
9.66758240705 5.33599929877 30.8428 0.64357 0.750792
11.9443742599 6.29472235925 36.287 0.871605 0.622998
13.8308258134 7.03966815087 33.8302 0.890778 0.751795
18.42 5.17 40 0.203139 1.94248
36.8714946052 5.50969050826 30.391 1.26464 0.524152
38.6819269455 6.34677773359 38.3173 1.62892 0.548251
80.6939045512 6.85029245291 38.2356 0.148716 0.758507
115.17476 5.28108 26.5288 0.474953 0.933669
116.744452514 5.73855954505 32.3605 0.42694 0.158669
291.800395519 5.89040978912 36.2796 -0.0286513 1.27852
294.055485892 7.09121401594 39.5819 -0.223154 0.788835
297.211004977 7.222790395 40.4209 -0.170001 0.509444
298.539 5.843 36.5 1.17447 1.77195
306.997730388 5.16924420016 38.6192 -0.26178 0.939098
307.61 4.7 37.2 -0.191891 1.80868
355.14 6.68 38 -0.145036 1.84795
9.66797297384 3.25054680392 27.0647 0.611823 0.762944
11.8257320218 3.59688944234 42.3685 0.2085 0.783704
15.03 3.52 43 0.124645 2.0958
18.55 4.44 43 -0.0177594 2.09688
33.441743568 2.50744047698 37.469 0.860651 0.643888
36.2977062523 2.76915566889 26.4679 1.2802 0.31333
38.4237549369 3.43813107717 31.5264 1.08415 0.492546
112.211935572 2.45142612914 24.2228 0.708015 0.602809
116.9382164 4.44260017551 35.5907 0.36875 0.621025
299.478607446 2.39767907738 44.239 -0.339724 1.5315
30.2774211467 0.48673757094 27.2824 1.77739 0.271108
33.2922910578 0.0655528602365 36.3604 1.0534 0.446019
35.9185345372 -0.050703242267 38.3023 1.33467 0.351281
38.0031349372 -0.0292474504563 35.3297 0.825581 0.660972
110.48741208 1.25805864521 27.9703 0.348442 0.611557
114.904102362 -0.954102361655 33.314 0.0246682 1.14809
117.132546347 -0.616918971491 35.5226 -1.01349 0.837401
285.21 -0.17 28 0.503452 1.36405
292.998034783 -0.121078260902 39.6287 -0.239326 1.36224
307.999381636 0.0445256104954 36.2005 -0.0426831 1.01709
312.064566406 -1.25350843405 39.5444 -0.280607 1.36781
13.61 -1.66 45.6 -0.168367 2.22773
27.5 -2.31918169318 35.87 0.866681 1.0434
30.4243402631 -2.69946179518 38.8445 1.36096 0.762712
32.9264377916 -2.89695118616 35.6759 1.12047 0.610425
36.5795324068 -2.67425424919 37.3711 1.3284 0.305855
38.1799016288 -3.06682478558 39.4176 1.23182 0.45041
105.088249826 -2.71100590586 31.7573 0.0678782 0.77127
107.65 -2.75 32 0.0490554 1.55244
111.665148325 -2.69514832451 31.4852 0.0845443 1.08138
114.84 -3.46 29.5384 1.12283 0.692454
116.17 -3.3 36.9616 -0.36961 0.857691
132.248954569 -2.91925 33.478 0.164158 1.15348
133.7044 -3.6616 30 0.201243 1.45853
286.68 -3.816 36.8131 -0.114644 1.26487
290.091 -4.187 42.2 -0.333543 2.05197
299.893040415 -2.59826113954 41.0714 -0.292328 0.89481
304.268011847 -4.36850888519 42.8491 -0.298952 1.47436
305.524557362 -2.1276289908 41.4166 -0.310787 1.16471
310.46 -4.25 41.8 -0.329299 2.03334
311.9 -2.37 38.6 -0.250886 1.87534
315.875 -2.897 43.9 -0.443878 2.13494
318.788547741 -3.94290518331 37.4284 0.321395 0.738054
320.5026915 -3.83117985161 33.0193 0.262569 0.409412
20.84 -7.41 34.5255 0.756125 0.947991
30.3686319277 -5.64314770037 39.0721 0.751323 0.462995
33.6194068079 -5.18230665573 37.8002 0.987276 0.612428
35.9029654549 -5.32887989064 37.67 1.05922 0.457331
38.2409469978 -6.79068132857 29.7253 0.766679 0.668564
110.899737839 -6.41445636384 32.3459 0.141935 0.703478
119.752 -5.01410708988 36.4078 0.246173 1.24988
285.551928304 -7.20668470218 36.0933 0.0459911 0.785336
290.1 -6.32494926016 45 -0.343746 1.55441
304.641038141 -7.04740464767 33.7771 0.212446 1.15943
310.072058068 -5.82467663772 39.1748 -0.0675808 0.778252
312.236504667 -6.02321067787 40.5525 -0.0841376 0.568158
315.396701825 -5.52320161093 40.5448 -0.0642997 0.499982
317.682579116 -5.11009264075 40.0482 -0.0747051 0.49876
321.149197063 -5.90640564058 33.5558 0.427432 0.246398
323.753627522 -6.51711131276 32.1533 0.529643 0.267553
13.55 -8.64 33.279 0.422533 0.914381
20.72 -8.45 38.1877 0.743947 1.04946
30.3289803259 -9.01638548289 41.6303 1.01696 0.463513
33.4338520108 -9.18839084298 39.8289 1.14019 0.221809
35.081784096 -9.35780390218 37.7055 1.26927 0.284204
37.917 -9.7896 38 0.257657 1.84392
105.652 -10.4807 26.3 0.343359 1.28417
140.4141 -8.5181 27 0.395723 1.3174
285.688455471 -7.92105491725 39.4277 -0.0967823 0.958842
294.240360902 -9.72725736417 44.071 -0.349238 1.24343
296.65 -8.8 44.9 -0.41979 2.19217
312.226497442 -9.50940464306 42.0598 -0.0784593 0.72593
319.32 -9.24 44.6 -0.0599464 2.1763
321.252634726 -9.07410924131 38.6688 0.276808 0.31256
323.762914248 -8.50892718942 34.5795 0.57703 0.233601
25.1302031335 -12.9035224427 40.8528 1.06155 0.985041
27.0116688033 -12.4765321191 39.0992 1.28741 0.542315
30.259738708 -12.0079031226 41.3276 1.05581 0.358938
33.5335589817 -11.4160348408 40.8461 0.81121 0.33137
35.5220197204 -11.4673059039 38.5789 0.62879 0.383508
49.3606 -12.2825 18 1.46158 0.626093
49.9212 -13.4584 30.6874 0.451316 0.843697
130.901179431 -11.8058363599 34.4074 -0.0621982 0.532672
136.783 -12.1874 35.6 -0.149427 1.72774
293 -13.4871934385 40 0.116961 1.16482
300.262898551 -12.4880890006 41.7728 -0.0193797 1.17496
302.629539914 -11.5646034019 35.5977 0.169378 0.656329
309.799627705 -12.772407137 39.8273 0.0176737 0.655684
311.49622208 -12.6136595407 38.3601 0.128654 0.362978
314.763108614 -12.2378210063 41.5458 0.194324 1.16892
321.103364101 -11.6428715234 37.1208 0.118228 0.311536
322.81 -10.73 42.5 0.51447 1.42278
13.45 -14.91 37.7014 2.16924 1.03568
23.9673171392 -15.0221418885 40.2739 0.972867 0.783712
27.2364781377 -15.4865231683 38.1852 1.0091 0.69052
29.38 -13.6 41.2268 1.0767 0.88738
33.5798058122 -14.9462986404 41.0475 0.357494 0.600161
35.1595006852 -15.0020781852 39.3085 0.533827 0.632788
39.25 -15.08 41.0898 0.304208 0.985741
46.4263 -15.7323 35.5 0.814951 1.18541
48.3128153119 -14.9888279216 32.5919 0.61614 0.414383
50.1815686042 -14.5550589608 33.0927 0.258768 0.643601
128.76 -15.68 38.1 -0.214345 1.85252
131.87351881 -14.8731892696 41.7803 -0.83688 0.861282
134.1 -16.47 48 0.825949 1.7631
136.780761553 -16.3128256311 39.02 0.0708348 1.13593
143.047568943 -14.7165978285 34.8369 0.00347878 0.8686
179.45 -16.302 28.249 0.33528 0.977028
295.563 -14.895 30.2 0.318617 1.46644
300.732476806 -15.3135710486 42.3532 0.118924 0.913507
304.099289401 -15.5818300246 36.5386 0.0800451 0.78926
308.356585632 -15.5987192381 32.2585 0.356602 0.692149
312.234357239 -13.9132488378 40.5777 0.262622 0.367256
314.378773737 -14.4346878855 40.9635 0.295757 0.585045
320.498456463 -14.9221610731 39.8633 0.124349 0.785643
12.771103305 -18.2201820232 36.509 0.416008 0.538875
14.4695516528 -18.6230738247 38.4997 0.856425 0.711248
17.5808540518 -19.2004270259 36.4995 1.12815 0.78481
20.47200647 -18.2756706753 39.4845 0.785904 0.848438
24.6640715389 -18.4312573634 36.4606 0.788377 1.02322
30.7713673202 -19.4631633989 36.2614 1.27091 1.01591
36.5149889084 -16.961503895 35.9872 0.159579 0.772115
45.6458014264 -18.4837436696 37.9901 0.519943 0.578247
47.9555767456 -18.239749234 40.0776 0.574919 0.421682
121.418689053 -19.4301014375 39.312 -0.29876 1.35185
122.767698144 -18.0815928586 35.3746 -0.101609 0.337696
125.127041503 -17.261402718 35.4261 0.0738119 0.519804
130.268049193 -18.9872196771 40 -1.55894 1.1675
132.402456489 -19.3978644221 36.2928 0.0995882 0.88373
135.160825488 -18.26770263 43.6831 -0.151411 0.468788
137.939310431 -18.337271023 41.483 -0.154337 0.39832
140.836381252 -18.7320310359 36.3079 -0.115812 0.406131
177.890736921 -17.8753743916 28.612 0.371804 0.329987
179.952 -18.566 15.7436 1.32386 0.576167
297.49558673 -19.3808417192 31.677 0.464694 1.08858
300.105838261 -18.4858837872 37.7996 0.250398 0.608862
302.459969094 -18.216154893 38.8698 0.156837 0.589706
305.441083144 -18.3025869082 34.3168 0.528106 0.54567
308.369086907 -17.3052534914 40.7489 0.289677 0.700555
312.386771958 -18.4400495041 40.3844 0.427983 0.498228
314.741331764 -18.0139035001 40.755 0.562552 0.669593
319.031491167 -18.7847429774 36.0713 0.162503 0.783231
319.812236661 -18.292484058 37.6975 -0.025645 0.915697
12.9769 -19.875 26 0.511902 1.27029
14.8752713199 -21.1076122319 36.1292 0.797318 0.408828
17.6732615295 -21.3354539867 45.1031 1.29167 0.863429
21.1907704519 -20.266262567 41.2164 0.745545 1.42572
24.1725160198 -20.6892992539 38.8926 0.674231 0.847011
27.0386443369 -21.3735740996 42.2842 0.550333 0.781283
30.0011998614 -20.9973031648 38.258 0.652195 0.387303
43.3721 -21.7501 23 0.840587 0.777986
45.6323056269 -21.6176742614 34.2821 0.627998 0.380318
47.3170290506 -21.4007852491 39.4361 0.600059 0.305812
115.44 -22.49 33.2 0.0495249 1.61112
117.362176267 -21.8527109915 32.1507 0.508895 0.460033
119.805338439 -21.1153937575 30.1647 0.383425 0.173175
122.481789195 -21.5933476197 39.8201 -0.0659215 0.646003
126.49 -20.44 42.4 -0.107955 2.06327
129.642724722 -20.9484725067 40.9236 0.0233445 0.446952
132.206706099 -21.0953779258 40.4674 0.00624851 0.295968
134.659461326 -20.9330121601 39.7775 0.0443497 0.27695
138.145342479 -20.4993931691 41.6066 -0.133063 0.325123
141.14705409 -20.7753156559 40.4048 -0.162297 0.281804
143.741260436 -21.6442244103 38.5257 -0.0825302 0.600203
146.314191491 -21.1479315611 38.5116 -0.164341 0.793255
166.454 -22.3073 26 0.466566 1.27081
300.078815508 -21.6533761223 36.3356 -0.0375118 1.02589
303.599555126 -21.0014080816 38.7415 0.217763 0.500632
306.257153097 -20.7854535857 41.9779 -0.128796 0.826741
309.124764066 -20.6895939847 44.9141 -0.215616 0.62694
312.021232099 -21.0111826271 42.4809 0.175876 0.538255
314.864661058 -20.691879758 39.1351 0.574122 0.634253
317.696662556 -21.5146709789 37.6999 0.164629 0.462006
14.5414603122 -23.0723872505 29.6301 0.38278 0.74342
17.5861846192 -23.2337363435 44.2749 1.42915 0.573639
21.1261630304 -23.3656279298 42.3099 0.779066 0.779861
24.5766689978 -24.5058341643 40.8421 0.927404 0.522207
27.0961441607 -23.8911535097 42.3817 0.915144 0.398641
29.80358148 -23.8382676539 39.7742 1.04647 0.377463
33.4881021798 -24.5573597105 41.5546 -0.302593 1.01225
35.0216524045 -23.7940376795 38.1228 -0.175125 0.926446
44.7222621044 -23.218895932 27.5476 0.99364 0.259964
47.3296419262 -23.9248082796 35.498 0.0697385 0.473618
114.478401371 -24.2303879958 29.2256 0.353984 0.642804
116.683007674 -24.0707283525 37.8724 0.146402 0.272272
119.350603117 -23.4543700121 34.4631 0.579368 0.458923
122.970915645 -24.171210332 41.8397 -0.0020466 1.43911
129.519962936 -23.7907385045 43.9564 -0.062445 0.535553
132.285276764 -23.8844689456 43.1381 0.0996217 0.443089
134.187246391 -23.7895892488 41.8324 0.143077 0.517639
139.0811 -22.9126 41.2168 -0.233981 1.41857
141.091792592 -23.9490661719 40.5642 -0.206504 0.381639
144.006175181 -24.0360788565 38.3535 -0.0494457 0.326808
149.039678594 -23.7093813719 36.5709 -0.0508362 0.435925
303.009893513 -24.8149451901 42.6115 -0.223141 0.917259
306.079911116 -23.1339825901 42.8109 -0.302589 0.77603
309.495515286 -23.7319300741 41.8939 0.164993 0.477579
312.108585745 -24.2969452283 39.2227 0.223895 0.604641
314.831629393 -23.2138728217 34.7021 0.549171 0.469372
21.6342493907 -28.1622459825 40.0155 1.22402 0.951936
24.3758379925 -27.1869700237 37.4245 1.12654 0.30209
27.1979767747 -26.7271869189 38.6754 1.09945 0.263928
29.9181724652 -26.3851262022 39.7198 1.74973 0.529355
31.9760021496 -26.7910230976 35.3363 0.479198 0.848505
45.15 -25.5358 31.0371 0.394548 0.855291
114.29 -26.21 29.8 0.203159 1.44871
117.197746228 -27.2060893627 32.6439 0.409818 0.4793
119.091023422 -27.0407928986 36.4418 0.315119 0.56147
122.803356701 -27.873572466 41.4944 0.0907374 1.01207
125.19 -27.05 46.4 -0.1096 2.26447
132.29013648 -26.6210286445 41.7406 -0.086971 1.15286
134.749352847 -27.2753806828 44.3367 -0.264151 0.561062
141.824761414 -26.6822750597 36.1988 -0.0986697 0.443496
143.846475467 -26.6813503516 38.5646 -0.144027 0.293137
146.453013218 -26.6820095075 37.7489 -0.277543 0.616651
148.8 -26.6 38.6266 -0.211625 0.676698
153 -28 33 -0.502495 0.963316
300.026887919 -27.2075614704 41.5969 -0.31939 1.16853
303.581326693 -27.5152655811 39.2388 -0.379335 0.944401
306.199875389 -26.40715037 41.5731 -0.154919 0.753201
307.765391437 -27.2710163099 43.896 0.0126334 1.51521
310.54 -27.12 38.6 0.108712 1.87217
18.5380352771 -29.627844894 41.1583 0.780211 0.594237
20.9230661864 -29.2857785385 41.271 0.805341 0.543576
24.3798140905 -29.3663759751 36.563 1.18981 0.322348
26.1973479222 -29.0211849709 36.6808 1.72477 1.22239
116.987355308 -30.5291464142 36.1814 0.104972 0.622525
120.576178668 -30.4084586804 36.7724 0.240989 0.377488
122.75748029 -30.757656482 40.3558 -0.127542 0.302292
125.091142767 -31.0669245203 39.9237 -0.15535 0.647466
129.799887899 -30.4290923892 40.9107 -0.362271 1.02356
131.333482512 -30.3093882999 38.1213 -0.958025 0.522154
134.791307084 -30.6857744095 42.575 -0.251788 1.04505
148.173510537 -28.9735105373 40 -0.85221 1.33347
302.548603851 -29.7595988668 41.6059 -0.359895 0.70863
305.956061326 -29.7580561464 41.8369 -0.142898 0.671328
309.638238951 -29.0472403418 40.5835 0.196829 1.14242
19.25 -34.29 33.5 0.187048 1.62647
21.5353272571 -32.8126655497 40.6317 0.566074 0.406264
24.62 -33.5 40 0.17017 1.9478
26.51 -33.31 35.5 0.415863 1.72086
115.38 -33.66 34.6 -0.0959641 1.67821
116.960596027 -32.3523468941 38.6058 0.304623 0.408503
120.766007985 -33.073801362 39.9865 -0.0713799 0.740995
122.794655587 -32.6685929095 39.7077 -0.104989 0.336954
124.805308086 -32.3216902617 35.1215 0.052797 0.714647
135.0909 -32.146 46.4 -0.32778 2.2701
141.71010714 -33.4334400643 33.0392 0.314294 0.684572
144.478656166 -34.0107849915 35.8967 -0.109925 0.539738
147.477828191 -33.6385682209 35.7444 0.165287 0.58051
150.377158701 -33.648116843 34.2562 0.594999 0.389307
292.56 -33.5973592382 40 -0.753769 1.33372
304.063 -31.683 47 -0.429559 2.29915
306.373100556 -31.759192805 37.6113 0.0156225 1.29244
117.499077224 -34.8300436059 34.561 0.00994771 1.18755
147.79319251 -35.5342145108 42.8138 0.338508 0.515413
149.149039441 -35.5605348222 41.7121 0.384976 0.42877
144.175658817 -38.2435594841 31.2794 -0.095315 0.581742
146.583694643 -39.0327837678 30.8637 0.264543 0.676351
148.83 -37.63 37.7 -0.0482165 1.83252
298.021 -38.057 41 0.14307 1.99758
145.114825232 -41.4252760871 23.6304 0.394094 0.606999
147.145895079 -42.0068531087 30.148 -0.111612 0.54918
290 -52.06 31.1 0.970786 0.911611
291.5 -67.3 36 0.460035 1.74653
353 -70.5 33.3995 -0.0660683 1.1458
